<Hierarchy>:
	<Frame>: 0 0 pointer
		<Transform>: 0 0 0 0 0 0 1 1 1 0 0 0 1  
		<TransformMatrix>: 1 0 0 0 0 1 0 0 0 0 1 0 0 0 0 1  
		<Children>: 2
			<Frame>: 1 0 Circle
				<Transform>: 0 0 0 270.0198 0 0 100 100 100 -0.7071068 0 0 0.7071067  
				<TransformMatrix>: 100 0 0 0 0 -1.192093E-05 -99.99999 0 0 99.99999 -1.192093E-05 0 0 0 0 1  
				<SkinningInfo>: Circle
					<BonesPerVertex>: 4
					<Bounds>: 0.00903268 0.001143751 9.313226E-10 0.01614451 0.007791699 0.0161445
					<BoneNames>: 5 Circle Arrow1 Arrow3 Arrow4 Arrow2  
					<BoneOffsets>: 5 1 -3.308722E-22 -3.422854E-08 0 -3.422854E-08 3.422854E-08 -1 0 1.171593E-15 1 3.422854E-08 0 0 0 0 1 1 -3.598872E-36 -5.322152E-08 0 -5.322152E-08 6.598776E-08 -1 0 3.511969E-15 1 6.598776E-08 0 4.80733E-10 -5.960465E-10 0.009032681 1 1 -6.141995E-36 -5.322151E-08 0 -5.322151E-08 6.598778E-08 -1 0 3.511969E-15 1 6.598778E-08 0 -4.807328E-10 5.960463E-10 -0.009032679 1 1 -3.308722E-22 -3.422854E-08 0 -3.422854E-08 3.422854E-08 -1 0 1.171593E-15 1 3.422854E-08 0 -0.00903268 0 3.091755E-10 1 1 -3.308722E-22 -3.422854E-08 0 -3.422854E-08 3.422854E-08 -1 0 1.171593E-15 1 3.422854E-08 0 0.00903268 0 -3.091755E-10 1  
					<BoneIndices>: 272 3 0 0 0 3 0 0 0 3 0 0 0 3 0 0 0 3 0 0 0 3 0 0 0 3 0 0 0 3 0 0 0 3 0 0 0 3 0 0 0 3 0 0 0 3 0 0 0 3 0 0 0 3 0 0 0 3 0 0 0 3 0 0 0 3 0 0 0 3 0 0 0 3 0 0 0 3 0 0 0 3 0 0 0 3 0 0 0 3 0 0 0 3 0 0 0 3 0 0 0 3 0 0 0 3 0 0 0 3 0 0 0 3 0 0 0 3 0 0 0 3 0 0 0 3 0 0 0 3 0 0 0 3 0 0 0 3 0 0 0 3 0 0 0 3 0 0 0 3 0 0 0 3 0 0 0 3 0 0 0 3 0 0 0 3 0 0 0 3 0 0 0 3 0 0 0 3 0 0 0 3 0 0 0 3 0 0 0 3 0 0 0 3 0 0 0 3 0 0 0 3 0 0 0 3 0 0 0 1 0 0 0 1 0 0 0 1 0 0 0 1 0 0 0 1 0 0 0 1 0 0 0 1 0 0 0 1 0 0 0 1 0 0 0 1 0 0 0 1 0 0 0 1 0 0 0 1 0 0 0 1 0 0 0 1 0 0 0 1 0 0 0 1 0 0 0 1 0 0 0 1 0 0 0 1 0 0 0 1 0 0 0 1 0 0 0 1 0 0 0 1 0 0 0 1 0 0 0 1 0 0 0 1 0 0 0 1 0 0 0 1 0 0 0 1 0 0 0 1 0 0 0 1 0 0 0 1 0 0 0 1 0 0 0 1 0 0 0 1 0 0 0 1 0 0 0 1 0 0 0 1 0 0 0 1 0 0 0 1 0 0 0 1 0 0 0 1 0 0 0 1 0 0 0 1 0 0 0 1 0 0 0 1 0 0 0 1 0 0 0 1 0 0 0 1 0 0 0 1 0 0 0 1 0 0 0 4 0 0 0 4 0 0 0 4 0 0 0 4 0 0 0 4 0 0 0 4 0 0 0 4 0 0 0 4 0 0 0 4 0 0 0 4 0 0 0 4 0 0 0 4 0 0 0 4 0 0 0 4 0 0 0 4 0 0 0 4 0 0 0 4 0 0 0 4 0 0 0 4 0 0 0 4 0 0 0 4 0 0 0 4 0 0 0 4 0 0 0 4 0 0 0 4 0 0 0 4 0 0 0 4 0 0 0 4 0 0 0 4 0 0 0 4 0 0 0 4 0 0 0 4 0 0 0 4 0 0 0 4 0 0 0 4 0 0 0 4 0 0 0 4 0 0 0 4 0 0 0 4 0 0 0 4 0 0 0 4 0 0 0 4 0 0 0 4 0 0 0 4 0 0 0 4 0 0 0 4 0 0 0 4 0 0 0 4 0 0 0 4 0 0 0 4 0 0 0 4 0 0 0 4 0 0 0 2 0 0 0 2 0 0 0 2 0 0 0 2 0 0 0 2 0 0 0 2 0 0 0 2 0 0 0 2 0 0 0 2 0 0 0 2 0 0 0 2 0 0 0 2 0 0 0 2 0 0 0 2 0 0 0 2 0 0 0 2 0 0 0 2 0 0 0 2 0 0 0 2 0 0 0 2 0 0 0 2 0 0 0 2 0 0 0 2 0 0 0 2 0 0 0 2 0 0 0 2 0 0 0 2 0 0 0 2 0 0 0 2 0 0 0 2 0 0 0 2 0 0 0 2 0 0 0 2 0 0 0 2 0 0 0 2 0 0 0 2 0 0 0 2 0 0 0 2 0 0 0 2 0 0 0 2 0 0 0 2 0 0 0 2 0 0 0 2 0 0 0 2 0 0 0 2 0 0 0 2 0 0 0 2 0 0 0 2 0 0 0 2 0 0 0 2 0 0 0 2 0 0 0 2 0 0 0 0 0 0 0 0 0 0 0 0 0 0 0 0 0 0 0 0 0 0 0 0 0 0 0 0 0 0 0 0 0 0 0 0 0 0 0 0 0 0 0 0 0 0 0 0 0 0 0 0 0 0 0 0 0 0 0 0 0 0 0 0 0 0 0 0 0 0 0 0 0 0 0 0 0 0 0 0 0 0 0 0 0 0 0 0 0 0 0 0 0 0 0 0 0 0 0 0 0 0 0 0 0 0 0 0 0 0 0 0 0 0 0 0 0 0 0 0 0 0 0 0 0 0 0 0 0 0 0 0 0 0 0 0 0 0 0 0 0 0 0 0 0 0 0 0 0 0 0 0 0 0 0 0 0 0 0 0 0 0 0 0 0 0 0 0 0 0 0 0 0 0 0 0 0 0 0 0 0 0 0 0 0 0 0 0 0 0 0 0 0 0 0 0 0 0 0 0 0 0 0 0 0 0 0 0 0 0 0 0 0 0 0 0 0 0 0 0 0 0 0 0 0 0 0 0 0 0 0 0 0 0 0 0 0 0 0 0 0 0 0 0 0 0 0 0 0 0 0 0 0 0 0 0 0 0 0  
					<BoneWeights>: 272 1 0 0 0 1 0 0 0 1 0 0 0 1 0 0 0 1 0 0 0 1 0 0 0 1 0 0 0 1 0 0 0 1 0 0 0 1 0 0 0 1 0 0 0 1 0 0 0 1 0 0 0 1 0 0 0 1 0 0 0 1 0 0 0 1 0 0 0 1 0 0 0 1 0 0 0 1 0 0 0 1 0 0 0 1 0 0 0 1 0 0 0 1 0 0 0 1 0 0 0 1 0 0 0 1 0 0 0 1 0 0 0 1 0 0 0 1 0 0 0 1 0 0 0 1 0 0 0 1 0 0 0 1 0 0 0 1 0 0 0 1 0 0 0 1 0 0 0 1 0 0 0 1 0 0 0 1 0 0 0 1 0 0 0 1 0 0 0 1 0 0 0 1 0 0 0 1 0 0 0 1 0 0 0 1 0 0 0 1 0 0 0 1 0 0 0 1 0 0 0 1 0 0 0 1 0 0 0 1 0 0 0 1 0 0 0 1 0 0 0 1 0 0 0 1 0 0 0 1 0 0 0 1 0 0 0 1 0 0 0 1 0 0 0 1 0 0 0 1 0 0 0 1 0 0 0 1 0 0 0 1 0 0 0 1 0 0 0 1 0 0 0 1 0 0 0 1 0 0 0 1 0 0 0 1 0 0 0 1 0 0 0 1 0 0 0 1 0 0 0 1 0 0 0 1 0 0 0 1 0 0 0 1 0 0 0 1 0 0 0 1 0 0 0 1 0 0 0 1 0 0 0 1 0 0 0 1 0 0 0 1 0 0 0 1 0 0 0 1 0 0 0 1 0 0 0 1 0 0 0 1 0 0 0 1 0 0 0 1 0 0 0 1 0 0 0 1 0 0 0 1 0 0 0 1 0 0 0 1 0 0 0 1 0 0 0 1 0 0 0 1 0 0 0 1 0 0 0 1 0 0 0 1 0 0 0 1 0 0 0 1 0 0 0 1 0 0 0 1 0 0 0 1 0 0 0 1 0 0 0 1 0 0 0 1 0 0 0 1 0 0 0 1 0 0 0 1 0 0 0 1 0 0 0 1 0 0 0 1 0 0 0 1 0 0 0 1 0 0 0 1 0 0 0 1 0 0 0 1 0 0 0 1 0 0 0 1 0 0 0 1 0 0 0 1 0 0 0 1 0 0 0 1 0 0 0 1 0 0 0 1 0 0 0 1 0 0 0 1 0 0 0 1 0 0 0 1 0 0 0 1 0 0 0 1 0 0 0 1 0 0 0 1 0 0 0 1 0 0 0 1 0 0 0 1 0 0 0 1 0 0 0 1 0 0 0 1 0 0 0 1 0 0 0 1 0 0 0 1 0 0 0 1 0 0 0 1 0 0 0 1 0 0 0 1 0 0 0 1 0 0 0 1 0 0 0 1 0 0 0 1 0 0 0 1 0 0 0 1 0 0 0 1 0 0 0 1 0 0 0 1 0 0 0 1 0 0 0 1 0 0 0 1 0 0 0 1 0 0 0 1 0 0 0 1 0 0 0 1 0 0 0 1 0 0 0 1 0 0 0 1 0 0 0 1 0 0 0 1 0 0 0 1 0 0 0 1 0 0 0 1 0 0 0 1 0 0 0 1 0 0 0 1 0 0 0 1 0 0 0 1 0 0 0 1 0 0 0 1 0 0 0 1 0 0 0 1 0 0 0 1 0 0 0 1 0 0 0 1 0 0 0 1 0 0 0 1 0 0 0 1 0 0 0 1 0 0 0 1 0 0 0 1 0 0 0 1 0 0 0 1 0 0 0 1 0 0 0 1 0 0 0 1 0 0 0 1 0 0 0 1 0 0 0 1 0 0 0 1 0 0 0 1 0 0 0 1 0 0 0 1 0 0 0 1 0 0 0 1 0 0 0 1 0 0 0 1 0 0 0 1 0 0 0 1 0 0 0 1 0 0 0 1 0 0 0 1 0 0 0 1 0 0 0 1 0 0 0 1 0 0 0 1 0 0 0 1 0 0 0 1 0 0 0 1 0 0 0 1 0 0 0 1 0 0 0 1 0 0 0 1 0 0 0 1 0 0 0 1 0 0 0 1 0 0 0 1 0 0 0 1 0 0 0 1 0 0 0 1 0 0 0 1 0 0 0 1 0 0 0 1 0 0 0 1 0 0 0 1 0 0 0 1 0 0 0 1 0 0 0 1 0 0 0 1 0 0 0 1 0 0 0 1 0 0 0 1 0 0 0 1 0 0 0 1 0 0 0 1 0 0 0 1 0 0 0 1 0 0 0 1 0 0 0 1 0 0 0 1 0 0 0 1 0 0 0 1 0 0 0 1 0 0 0 1 0 0 0 1 0 0 0 1 0 0 0 1 0 0 0 1 0 0 0 1 0 0 0 1 0 0 0 1 0 0 0 1 0 0 0 1 0 0 0 1 0 0 0 1 0 0 0 1 0 0 0 1 0 0 0 1 0 0 0 1 0 0 0  
				</SkinningInfo>
				<Mesh>: 272 Circle
					<Bounds>: 0 -9.313226E-10 0.001143752 0.01614451 0.01614451 0.007791701
					<Positions>: 272 0.006124472 0 -0.006036604 0.004513911 0 -0.005125719 0.004513801 -0.003360002 -0.005125873 0.006124396 -0.003360002 -0.006036779 0.007894808 0 -0.006573509 0.007894778 -0.003360002 -0.006573696 0.009745855 0 -0.00664776 0.009745874 -0.003360003 -0.006647949 0.01155107 0 -0.006218514 0.01155114 -0.003360004 -0.00621869 0.01317342 0 -0.00530975 0.01317354 -0.003360004 -0.005309899 0.01450464 0 -0.004001199 0.01450479 -0.003360004 -0.004001313 0.01541274 0 -0.002370499 0.01541292 -0.003360004 -0.002370574 0.01593684 0 -0.0005893401 0.01593703 -0.003360004 -0.0005893788 0.01614422 0 0.00125174 0.01614441 -0.003360003 0.001100784 0.01614451 -0.005145471 0.001251732 0.01609537 0 0.003235733 0.01609559 -0.003850464 0.003235762 0.01614451 0.005145471 0.001251732 0.01614441 0.003360003 0.001100784 0.01609559 0.003850464 0.003235762 0.01552157 0 0.005782119 0.01552168 -0.00215019 0.005782156 0.01552168 0.00215019 0.005782156 0.01481099 0 0.008935452 0.01481099 -4.464734E-05 0.008935452 0.01481099 4.464734E-05 0.008935452 0.006124472 0 -0.006036604 0.004513801 0.003360002 -0.005125873 0.004513911 0 -0.005125719 0.006124396 0.003360002 -0.006036779 0.007894808 0 -0.006573509 0.007894778 0.003360002 -0.006573696 0.009745855 0 -0.00664776 0.009745874 0.003360003 -0.006647949 0.01155107 0 -0.006218514 0.01155114 0.003360004 -0.00621869 0.01317342 0 -0.00530975 0.01317354 0.003360004 -0.005309899 0.01450464 0 -0.004001199 0.01450479 0.003360004 -0.004001313 0.01541274 0 -0.002370499 0.01541292 0.003360004 -0.002370574 0.01593684 0 -0.0005893401 0.01593703 0.003360004 -0.0005893788 0.01614422 0 0.00125174 0.01614441 0.003360003 0.001100784 0 0.006124469 -0.006036604 0 0.004513908 -0.005125719 0.003360002 0.004513798 -0.005125873 0.003360002 0.006124393 -0.006036779 0 0.007894806 -0.006573509 0.003360002 0.007894774 -0.006573696 0 0.009745852 -0.00664776 0.003360003 0.009745872 -0.006647949 0 0.01155107 -0.006218514 0.003360004 0.01155113 -0.00621869 0 0.01317342 -0.00530975 0.003360004 0.01317353 -0.005309899 0 0.01450464 -0.004001199 0.003360004 0.01450479 -0.004001313 0 0.01541274 -0.002370499 0.003360004 0.01541291 -0.002370574 0 0.01593684 -0.0005893401 0.003360004 0.01593702 -0.0005893788 0 0.01614422 0.00125174 0.003360003 0.01614441 0.001100784 0.005145471 0.01614451 0.001251732 0 0.01609537 0.003235733 0.003850464 0.01609558 0.003235762 -0.005145471 0.01614451 0.001251732 -0.003360003 0.01614441 0.001100784 -0.003850464 0.01609558 0.003235762 0 0.01552157 0.005782119 0.00215019 0.01552168 0.005782156 -0.00215019 0.01552168 0.005782156 0 0.01481099 0.008935452 4.464734E-05 0.01481099 0.008935452 -4.464734E-05 0.01481099 0.008935452 0 0.006124469 -0.006036604 -0.003360002 0.004513798 -0.005125873 0 0.004513908 -0.005125719 -0.003360002 0.006124393 -0.006036779 0 0.007894806 -0.006573509 -0.003360002 0.007894774 -0.006573696 0 0.009745852 -0.00664776 -0.003360003 0.009745872 -0.006647949 0 0.01155107 -0.006218514 -0.003360004 0.01155113 -0.00621869 0 0.01317342 -0.00530975 -0.003360004 0.01317353 -0.005309899 0 0.01450464 -0.004001199 -0.003360004 0.01450479 -0.004001313 0 0.01541274 -0.002370499 -0.003360004 0.01541291 -0.002370574 0 0.01593684 -0.0005893401 -0.003360004 0.01593702 -0.0005893788 0 0.01614422 0.00125174 -0.003360003 0.01614441 0.001100784 -0.006124472 0 -0.006036604 -0.004513911 0 -0.005125719 -0.004513801 0.003360002 -0.005125873 -0.006124396 0.003360002 -0.006036779 -0.007894808 0 -0.006573509 -0.007894778 0.003360002 -0.006573696 -0.009745855 0 -0.00664776 -0.009745874 0.003360003 -0.006647949 -0.01155107 0 -0.006218514 -0.01155114 0.003360004 -0.00621869 -0.01317342 0 -0.00530975 -0.01317354 0.003360004 -0.005309899 -0.01450464 0 -0.004001199 -0.01450479 0.003360004 -0.004001313 -0.01541274 0 -0.002370499 -0.01541292 0.003360004 -0.002370574 -0.01593684 0 -0.0005893401 -0.01593703 0.003360004 -0.0005893788 -0.01614422 0 0.00125174 -0.01614441 0.003360003 0.001100784 -0.01614451 0.005145471 0.001251732 -0.01609537 0 0.003235733 -0.01609559 0.003850464 0.003235762 -0.01614451 -0.005145471 0.001251732 -0.01614441 -0.003360003 0.001100784 -0.01609559 -0.003850464 0.003235762 -0.01552157 0 0.005782119 -0.01552168 0.00215019 0.005782156 -0.01552168 -0.00215019 0.005782156 -0.01481099 0 0.008935452 -0.01481099 4.464734E-05 0.008935452 -0.01481099 -4.464734E-05 0.008935452 -0.006124472 0 -0.006036604 -0.004513801 -0.003360002 -0.005125873 -0.004513911 0 -0.005125719 -0.006124396 -0.003360002 -0.006036779 -0.007894808 0 -0.006573509 -0.007894778 -0.003360002 -0.006573696 -0.009745855 0 -0.00664776 -0.009745874 -0.003360003 -0.006647949 -0.01155107 0 -0.006218514 -0.01155114 -0.003360004 -0.00621869 -0.01317342 0 -0.00530975 -0.01317354 -0.003360004 -0.005309899 -0.01450464 0 -0.004001199 -0.01450479 -0.003360004 -0.004001313 -0.01541274 0 -0.002370499 -0.01541292 -0.003360004 -0.002370574 -0.01593684 0 -0.0005893401 -0.01593703 -0.003360004 -0.0005893788 -0.01614422 0 0.00125174 -0.01614441 -0.003360003 0.001100784 0 -0.006124472 -0.006036604 0 -0.004513911 -0.005125719 -0.003360002 -0.004513801 -0.005125873 -0.003360002 -0.006124396 -0.006036779 0 -0.007894808 -0.006573509 -0.003360002 -0.007894778 -0.006573696 0 -0.009745855 -0.00664776 -0.003360003 -0.009745874 -0.006647949 0 -0.01155107 -0.006218514 -0.003360004 -0.01155114 -0.00621869 0 -0.01317342 -0.00530975 -0.003360004 -0.01317354 -0.005309899 0 -0.01450464 -0.004001199 -0.003360004 -0.01450479 -0.004001313 0 -0.01541274 -0.002370499 -0.003360004 -0.01541292 -0.002370574 0 -0.01593684 -0.0005893401 -0.003360004 -0.01593703 -0.0005893788 0 -0.01614422 0.00125174 -0.003360003 -0.01614441 0.001100784 -0.005145471 -0.01614451 0.001251732 0 -0.01609537 0.003235733 -0.003850464 -0.01609559 0.003235762 0.005145471 -0.01614451 0.001251732 0.003360003 -0.01614441 0.001100784 0.003850464 -0.01609559 0.003235762 0 -0.01552157 0.005782119 -0.00215019 -0.01552168 0.005782156 0.00215019 -0.01552168 0.005782156 0 -0.01481099 0.008935452 -4.464734E-05 -0.01481099 0.008935452 4.464734E-05 -0.01481099 0.008935452 0 -0.006124472 -0.006036604 0.003360002 -0.004513801 -0.005125873 0 -0.004513911 -0.005125719 0.003360002 -0.006124396 -0.006036779 0 -0.007894808 -0.006573509 0.003360002 -0.007894778 -0.006573696 0 -0.009745855 -0.00664776 0.003360003 -0.009745874 -0.006647949 0 -0.01155107 -0.006218514 0.003360004 -0.01155114 -0.00621869 0 -0.01317342 -0.00530975 0.003360004 -0.01317354 -0.005309899 0 -0.01450464 -0.004001199 0.003360004 -0.01450479 -0.004001313 0 -0.01541274 -0.002370499 0.003360004 -0.01541292 -0.002370574 0 -0.01593684 -0.0005893401 0.003360004 -0.01593703 -0.0005893788 0 -0.01614422 0.00125174 0.003360003 -0.01614441 0.001100784 -0.001560723 0.007846283 0 -0.00196755 0.00989154 0 -0.003859488 0.009317626 0 -0.003061468 0.007391037 0 0 0.008000001 0 -0.005603108 0.008385643 0 -1.619736E-10 0.01008533 0 -0.004444562 0.006651757 0 0.001560723 0.007846283 0 -0.007131403 0.007131403 0 0.001967549 0.00989154 0 -0.005656854 0.005656854 0 0.003061468 0.007391037 0 -0.008385643 0.005603108 0 0.003859488 0.009317626 0 -0.006651757 0.004444562 0 0.004444562 0.006651757 0 -0.009317626 0.003859488 0 0.005603107 0.008385643 0 -0.007391037 0.003061468 0 0.005656854 0.005656854 0 -0.00989154 0.001967549 0 0.007131402 0.007131403 0 -0.007846283 0.001560723 0 0.006651757 0.004444562 0 -0.01008533 7.233243E-11 0 0.008385643 0.005603108 0 -0.008000001 0 0 0.007391037 0.003061468 0 -0.00989154 -0.001967549 0 0.009317626 0.003859488 0 -0.007846283 -0.001560723 0 0.007846283 0.001560723 0 -0.009317626 -0.003859488 0 0.00989154 0.001967549 0 -0.007391037 -0.003061468 0 0.008000001 0 0 -0.008385643 -0.005603107 0 0.01008533 7.233243E-11 0 -0.006651757 -0.004444562 0 0.007846283 -0.001560723 0 -0.007131403 -0.007131402 0 0.00989154 -0.001967549 0 -0.005656854 -0.005656854 0 0.007391037 -0.003061468 0 -0.005603108 -0.008385643 0 0.009317626 -0.003859488 0 -0.004444562 -0.006651757 0 0.006651757 -0.004444562 0 -0.003859488 -0.009317626 0 0.008385643 -0.005603107 0 -0.003061468 -0.007391037 0 0.005656854 -0.005656854 0 -0.00196755 -0.00989154 0 0.007131402 -0.007131402 0 -0.001560723 -0.007846283 0 0.004444562 -0.006651757 0 -1.619736E-10 -0.01008533 0 0.005603107 -0.008385643 0 0 -0.008000001 0 0.003061468 -0.007391037 0 0.001967549 -0.00989154 0 0.003859488 -0.009317626 0 0.001560723 -0.007846283 0  
					<Colors>: 0  
					<TextureCoords0>: 272 0.5 0.1111111 0.5 0 1 0 1 0.1111111 0.5 0.2222222 1 0.2222222 0.5 0.3333333 1 0.3333333 0.5 0.4444444 1 0.4444444 0.5 0.5555555 1 0.5555555 0.5 0.6666666 1 0.6666666 0.5 0.7777778 1 0.7777778 0.5 0.8888889 1 0.8888889 0.5 1 1 1 1 1 0.5 1 1 1 1 1 1 1 1 1 0.5 1 1 1 1 1 0.5 1 1 1 1 1 0.5 0.1111111 1 0 0.5 0 1 0.1111111 0.5 0.2222222 1 0.2222222 0.5 0.3333333 1 0.3333333 0.5 0.4444444 1 0.4444444 0.5 0.5555555 1 0.5555555 0.5 0.6666666 1 0.6666666 0.5 0.7777778 1 0.7777778 0.5 0.8888889 1 0.8888889 0.5 1 1 1 0.5 0.1111111 0.5 0 1 0 1 0.1111111 0.5 0.2222222 1 0.2222222 0.5 0.3333333 1 0.3333333 0.5 0.4444444 1 0.4444444 0.5 0.5555555 1 0.5555555 0.5 0.6666666 1 0.6666666 0.5 0.7777778 1 0.7777778 0.5 0.8888889 1 0.8888889 0.5 1 1 1 1 1 0.5 1 1 1 1 1 1 1 1 1 0.5 1 1 1 1 1 0.5 1 1 1 1 1 0.5 0.1111111 1 0 0.5 0 1 0.1111111 0.5 0.2222222 1 0.2222222 0.5 0.3333333 1 0.3333333 0.5 0.4444444 1 0.4444444 0.5 0.5555555 1 0.5555555 0.5 0.6666666 1 0.6666666 0.5 0.7777778 1 0.7777778 0.5 0.8888889 1 0.8888889 0.5 1 1 1 0.5 0.1111111 0.5 0 1 0 1 0.1111111 0.5 0.2222222 1 0.2222222 0.5 0.3333333 1 0.3333333 0.5 0.4444444 1 0.4444444 0.5 0.5555555 1 0.5555555 0.5 0.6666666 1 0.6666666 0.5 0.7777778 1 0.7777778 0.5 0.8888889 1 0.8888889 0.5 1 1 1 1 1 0.5 1 1 1 1 1 1 1 1 1 0.5 1 1 1 1 1 0.5 1 1 1 1 1 0.5 0.1111111 1 0 0.5 0 1 0.1111111 0.5 0.2222222 1 0.2222222 0.5 0.3333333 1 0.3333333 0.5 0.4444444 1 0.4444444 0.5 0.5555555 1 0.5555555 0.5 0.6666666 1 0.6666666 0.5 0.7777778 1 0.7777778 0.5 0.8888889 1 0.8888889 0.5 1 1 1 0.5 0.1111111 0.5 0 1 0 1 0.1111111 0.5 0.2222222 1 0.2222222 0.5 0.3333333 1 0.3333333 0.5 0.4444444 1 0.4444444 0.5 0.5555555 1 0.5555555 0.5 0.6666666 1 0.6666666 0.5 0.7777778 1 0.7777778 0.5 0.8888889 1 0.8888889 0.5 1 1 1 1 1 0.5 1 1 1 1 1 1 1 1 1 0.5 1 1 1 1 1 0.5 1 1 1 1 1 0.5 0.1111111 1 0 0.5 0 1 0.1111111 0.5 0.2222222 1 0.2222222 0.5 0.3333333 1 0.3333333 0.5 0.4444444 1 0.4444444 0.5 0.5555555 1 0.5555555 0.5 0.6666666 1 0.6666666 0.5 0.7777778 1 0.7777778 0.5 0.8888889 1 0.8888889 0.5 1 1 1 0 1 0 1 0 1 0 1 0 1 0 1 0 1 0 1 0 1 0 1 0 1 0 1 0 1 0 1 0 1 0 1 0 1 0 1 0 1 0 1 0 1 0 1 0 1 0 1 0 1 0 1 0 1 0 1 0 1 0 1 0 1 0 1 0 1 0 1 0 1 0 1 0 1 0 1 0 1 0 1 0 1 0 1 0 1 0 1 0 1 0 1 0 1 0 1 0 1 0 1 0 1 0 1 0 1 0 1 0 1 0 1 0 1 0 1 0 1 0 1 0 1 0 1 0 1 0 1  
					<TextureCoords1>: 0  
					<Normals>: 272 0.3803708 6.92939E-07 0.9248341 0.49229 0 0.8704312 0.4922908 -5.634697E-05 0.8704308 0.3803242 -5.651532E-05 0.9248532 0.1524132 1.368619E-06 0.9883168 0.1524288 -5.626506E-05 0.9883144 -0.08615574 0 0.9962817 -0.08609556 -7.341043E-05 0.9962869 -0.3421818 0 0.9396338 -0.3421769 -4.757157E-05 0.9396355 -0.5866346 0 0.8098516 -0.5865667 -6.416041E-05 0.8099009 -0.7876444 0 0.6161301 -0.7876278 -8.168192E-05 0.6161513 -0.9204082 0 0.3909587 -0.9204065 -9.32274E-05 0.3909628 -0.9795054 0 0.2014177 -0.9795113 -0.001467108 0.2013838 -0.9991329 0 0.04163336 -0.9990129 -0.00110143 0.04440605 -0.9997773 -9.970934E-05 -0.02110538 -0.9922974 0 -0.1238791 -0.9939925 -9.898934E-05 -0.1094485 -0.9997773 9.970991E-05 -0.02110538 -0.9990129 0.00110143 0.04440606 -0.9939925 0.0001004497 -0.1094486 -0.9756045 9.20828E-05 -0.2195359 -0.9756073 -0.0001724098 -0.2195228 -0.9756117 0.0001249281 -0.2195033 -0.9756045 9.206431E-05 -0.2195359 -0.9756117 -0.0001249115 -0.2195033 -0.9756117 0.0001249116 -0.2195033 0.3803708 6.92939E-07 0.9248341 0.4922908 5.634697E-05 0.8704308 0.49229 0 0.8704312 0.3803242 4.97701E-05 0.9248532 0.1524132 1.368619E-06 0.9883168 0.1524288 3.733886E-05 0.9883144 -0.08615574 0 0.9962817 -0.08609555 5.61797E-05 0.9962869 -0.3421818 0 0.9396338 -0.3421769 5.593165E-05 0.9396355 -0.5866346 0 0.8098516 -0.5865667 5.580896E-05 0.8099009 -0.7876444 0 0.6161301 -0.7876278 5.581586E-05 0.6161513 -0.9204082 0 0.3909587 -0.9204064 5.601407E-05 0.390963 -0.9795054 0 0.2014177 -0.9795113 0.001467101 0.2013838 -0.9991329 0 0.04163336 -0.9990129 0.00110143 0.04440606 -6.905917E-07 0.3803709 0.924834 0 0.49229 0.8704312 5.636727E-05 0.4922906 0.870431 5.672098E-05 0.380324 0.9248533 4.100868E-06 0.1524131 0.9883168 5.663856E-05 0.1523838 0.9883214 0 -0.08615596 0.9962817 7.337671E-05 -0.08609538 0.9962869 0 -0.3421818 0.9396337 4.506739E-05 -0.3421769 0.9396356 0 -0.5866344 0.8098518 6.255163E-05 -0.5865669 0.8099009 0 -0.7876446 0.6161298 8.172933E-05 -0.7876279 0.6161512 0 -0.920408 0.3909592 9.2926E-05 -0.9204065 0.3909627 0 -0.9794959 0.2014635 0.001466711 -0.9795113 0.2013838 0 -0.999135 0.04158694 0.001120413 -0.9990147 0.04436611 9.959935E-05 -0.9997773 -0.02110717 0 -0.9923146 -0.1237407 9.913371E-05 -0.9939971 -0.109406 -9.959948E-05 -0.9997773 -0.02110717 -0.001120413 -0.9990147 0.04436611 -9.839423E-05 -0.9939971 -0.109406 5.606472E-05 -0.9755386 -0.2198286 5.606472E-05 -0.9755386 -0.2198286 -2.887696E-05 -0.9755425 -0.219811 5.606472E-05 -0.9755386 -0.2198286 2.887696E-05 -0.9755425 -0.219811 -2.887696E-05 -0.9755425 -0.219811 -6.905917E-07 0.3803709 0.924834 -5.636727E-05 0.4922906 0.870431 0 0.49229 0.8704312 -4.859211E-05 0.380324 0.9248533 4.100868E-06 0.1524131 0.9883168 -3.765326E-05 0.1523838 0.9883214 0 -0.08615596 0.9962817 -5.614608E-05 -0.08609536 0.9962869 0 -0.3421818 0.9396337 -5.5819E-05 -0.3421769 0.9396356 0 -0.5866344 0.8098518 -5.582332E-05 -0.5865669 0.8099009 0 -0.7876446 0.6161298 -5.586309E-05 -0.7876279 0.6161512 0 -0.920408 0.3909592 -5.589022E-05 -0.9204064 0.3909628 0 -0.9794959 0.2014635 -0.001466704 -0.9795113 0.2013838 0 -0.999135 0.04158694 -0.001120413 -0.9990147 0.04436611 -0.3803708 -6.92939E-07 0.9248341 -0.49229 0 0.8704312 -0.4922908 5.634697E-05 0.8704308 -0.3803242 5.651532E-05 0.9248532 -0.1524132 -1.368619E-06 0.9883168 -0.1524288 5.626506E-05 0.9883144 0.08615574 0 0.9962817 0.08609556 7.341043E-05 0.9962869 0.3421818 0 0.9396338 0.3421769 4.757157E-05 0.9396355 0.5866346 0 0.8098516 0.5865667 6.416041E-05 0.8099009 0.7876444 0 0.6161301 0.7876278 8.168192E-05 0.6161513 0.9204082 0 0.3909587 0.9204065 9.32274E-05 0.3909628 0.9795054 0 0.2014177 0.9795113 0.001467108 0.2013838 0.9991329 0 0.04163336 0.9990129 0.00110143 0.04440605 0.9997773 9.970934E-05 -0.02110538 0.9922974 0 -0.1238791 0.9939925 9.898934E-05 -0.1094485 0.9997773 -9.970991E-05 -0.02110538 0.9990129 -0.00110143 0.04440606 0.9939925 -0.0001004497 -0.1094486 0.9756045 -9.20828E-05 -0.2195359 0.9756073 0.0001724098 -0.2195228 0.9756117 -0.0001249281 -0.2195033 0.9756045 -9.206431E-05 -0.2195359 0.9756117 0.0001249115 -0.2195033 0.9756117 -0.0001249116 -0.2195033 -0.3803708 -6.92939E-07 0.9248341 -0.4922908 -5.634697E-05 0.8704308 -0.49229 0 0.8704312 -0.3803242 -4.97701E-05 0.9248532 -0.1524132 -1.368619E-06 0.9883168 -0.1524288 -3.733886E-05 0.9883144 0.08615574 0 0.9962817 0.08609555 -5.61797E-05 0.9962869 0.3421818 0 0.9396338 0.3421769 -5.593165E-05 0.9396355 0.5866346 0 0.8098516 0.5865667 -5.580896E-05 0.8099009 0.7876444 0 0.6161301 0.7876278 -5.581586E-05 0.6161513 0.9204082 0 0.3909587 0.9204064 -5.601407E-05 0.390963 0.9795054 0 0.2014177 0.9795113 -0.001467101 0.2013838 0.9991329 0 0.04163336 0.9990129 -0.00110143 0.04440606 6.929387E-07 -0.3803709 0.924834 0 -0.49229 0.8704312 -5.652625E-05 -0.4922904 0.8704311 -5.676612E-05 -0.380324 0.9248534 -4.100869E-06 -0.1524132 0.9883168 -5.649972E-05 -0.1524288 0.9883144 0 0.08615598 0.9962817 -7.33644E-05 0.08609541 0.9962869 0 0.3421816 0.9396338 -4.506741E-05 0.3421769 0.9396356 0 0.5866344 0.809852 -6.417483E-05 0.5865669 0.8099007 0 0.7876441 0.6161304 -8.170885E-05 0.7876001 0.6161867 0 0.9204081 0.3909589 -9.291498E-05 0.9204066 0.3909625 0 0.9795055 0.2014173 -0.001466639 0.9795113 0.201384 0 0.999135 0.04158643 -0.001103501 0.9990132 0.04440115 -9.979851E-05 0.9997773 -0.02110604 0 0.9923146 -0.1237406 -0.0001005745 0.9939924 -0.1094489 9.979896E-05 0.9997773 -0.02110604 0.001103501 0.9990132 0.04440115 9.984057E-05 0.9939924 -0.1094489 -5.60647E-05 0.9755383 -0.2198294 -5.60647E-05 0.9755383 -0.2198294 5.775392E-05 0.9755426 -0.2198104 -5.60647E-05 0.9755383 -0.2198294 -5.775392E-05 0.9755426 -0.2198104 5.775392E-05 0.9755426 -0.2198104 6.929387E-07 -0.3803709 0.924834 5.652625E-05 -0.4922904 0.8704311 0 -0.49229 0.8704312 5.694667E-05 -0.380324 0.9248534 -4.100869E-06 -0.1524132 0.9883168 3.89402E-05 -0.1524288 0.9883144 0 0.08615598 0.9962817 5.613414E-05 0.08614058 0.996283 0 0.3421816 0.9396338 5.581902E-05 0.3421769 0.9396356 0 0.5866344 0.809852 5.582333E-05 0.5865669 0.8099007 0 0.7876441 0.6161304 5.575203E-05 0.7876279 0.6161511 0 0.9204081 0.3909589 5.591273E-05 0.9204066 0.3909626 0 0.9795055 0.2014173 0.001466623 0.9795113 0.201384 0 0.999135 0.04158643 0.001103501 0.9990132 0.04440115 0 0 1 0 0 1 0 0 1 0 0 1 0 0 1 0 0 1 0 0 1 0 0 1 0 0 1 0 0 1 0 0 1 0 0 1 0 0 1 0 0 1 0 0 1 0 0 1 0 0 1 0 0 1 0 0 1 0 0 1 0 0 1 0 0 1 0 0 1 0 0 1 0 0 1 0 0 1 0 0 1 0 0 1 0 0 1 0 0 1 0 0 1 0 0 1 0 0 1 0 0 1 0 0 1 0 0 1 0 0 1 0 0 1 0 0 1 0 0 1 0 0 1 0 0 1 0 0 1 0 0 1 0 0 1 0 0 1 0 0 1 0 0 1 0 0 1 0 0 1 0 0 1 0 0 1 0 0 1 0 0 1 0 0 1 0 0 1 0 0 1 0 0 1 0 0 1 0 0 1 0 0 1 0 0 1 0 0 1 0 0 1  
					<Tangents>: 272 0 -1 0 0 -1 0 0 -1 0 0 -1 0 0 -1 0 0 -1 0 0 -1 0 0 -1 0 0 -1 0 0 -1 0 0 -1 0 0 -1 0 0 -1 0 0 -1 0 0 -1 0 0 -1 0 0 -1 0 -0.001574547 -0.9998871 -0.01494275 0 -0.9999095 -0.01345689 0 -0.9989942 -0.04483991 1 0 0 1 0 0 1 0 0 1 0 0 1 0 0 1 0 0 1 0 0 1 0 0 1 0 0 1 0 0 1 0 0 1 0 0 0 1 0 0 1 0 0 1 0 0 1 0 0 1 0 0 1 0 0 1 0 0 1 0 0 1 0 0 1 0 0 1 0 0 1 0 0 1 0 0 1 0 0 1 0 0 1 0 0 1 0 -0.001574553 0.9998871 -0.01494275 0 0.9999095 -0.01345689 0 0.9989942 -0.04483991 1 0 0 1 0 0 1 0 0 1 0 0 1 0 0 1 0 0 1 0 0 1 0 0 1 0 0 1 0 0 1 0 0 1 0 0 1 0 0 1 0 0 1 0 0 1 0 0 1 0 0 0.9998871 -0.001574945 -0.01494271 0.9999095 0 -0.01345692 0.9989942 0 -0.04484084 1 0 0 1 0 0 1 0 0 1 0 0 1 0 0 1 0 0 1 0 0 1 0 0 1 0 0 1 0 0 1 0 0 1 0 0 -1 0 0 -1 0 0 -1 0 0 -1 0 0 -1 0 0 -1 0 0 -1 0 0 -1 0 0 -1 0 0 -1 0 0 -1 0 0 -1 0 0 -1 0 0 -1 0 0 -1 0 0 -1 0 0 -1 0 0 -0.9998871 -0.001574951 -0.01494271 -0.9999095 0 -0.01345692 -0.9989942 0 -0.04484084 0 1 0 0 1 0 0 1 0 0 1 0 0 1 0 0 1 0 0 1 0 0 1 0 0 1 0 0 1 0 0 1 0 0 1 0 0 1 0 0 1 0 0 1 0 0 1 0 0 1 0 0.001574547 0.9998871 -0.01494275 0 0.9999095 -0.01345689 0 0.9989942 -0.04483991 1 0 0 1 0 0 1 0 0 1 0 0 1 0 0 1 0 0 1 0 0 1 0 0 1 0 0 1 0 0 1 0 0 1 0 0 0 -1 0 0 -1 0 0 -1 0 0 -1 0 0 -1 0 0 -1 0 0 -1 0 0 -1 0 0 -1 0 0 -1 0 0 -1 0 0 -1 0 0 -1 0 0 -1 0 0 -1 0 0 -1 0 0 -1 0 0.001574553 -0.9998871 -0.01494275 0 -0.9999095 -0.01345689 0 -0.9989942 -0.04483991 -1 0 0 -1 0 0 -1 0 0 -1 0 0 -1 0 0 -1 0 0 -1 0 0 -1 0 0 -1 0 0 -1 0 0 -1 0 0 -1 0 0 -1 0 0 -1 0 0 -1 0 0 -1 0 0 -1 0 0 -0.9998871 0.001575009 -0.01494266 -0.9999095 0 -0.0134569 -0.9989942 0 -0.04484002 1 0 0 1 0 0 1 0 0 1 0 0 1 0 0 1 0 0 1 0 0 1 0 0 1 0 0 1 0 0 1 0 0 1 0 0 1 0 0 1 0 0 1 0 0 1 0 0 1 0 0 1 0 0 1 0 0 1 0 0 1 0 0 1 0 0 1 0 0 1 0 0 1 0 0 1 0 0 1 0 0 1 0 0 1 0 0 0.9998871 0.001575024 -0.01494265 0.9999095 0 -0.01345691 0.9989942 0 -0.04484002 1 0 0 1 0 0 1 0 0 1 0 0 1 0 0 1 0 0 1 0 0 1 0 0 1 0 0 1 0 0 1 0 0 1 0 0 1 0 0 1 0 0 1 0 0 1 0 0 1 0 0 1 0 0 1 0 0 1 0 0 1 0 0 1 0 0 1 0 0 1 0 0 1 0 0 1 0 0 1 0 0 1 0 0 1 0 0 1 0 0 1 0 0 1 0 0 1 0 0 1 0 0 1 0 0 1 0 0 1 0 0 1 0 0 1 0 0 1 0 0 1 0 0 1 0 0 1 0 0 1 0 0 1 0 0 1 0 0 1 0 0 1 0 0 1 0 0 1 0 0 1 0 0 1 0 0 1 0 0 1 0 0 1 0 0 1 0 0 1 0 0 1 0 0 1 0 0 1 0 0 1 0 0 1 0 0 1 0 0 1 0 0  
					<BiTangents>: 272 -0.9248341 0 0.3803708 -0.8704312 0 0.49229 -0.8704308 0 0.4922908 -0.9248532 0 0.3803242 -0.9883168 0 0.1524132 -0.9883144 0 0.1524289 -0.9962817 0 -0.08615574 -0.9962869 0 -0.08609556 -0.9396338 0 -0.3421818 -0.9396355 0 -0.3421769 -0.8098517 0 -0.5866347 -0.8099009 0 -0.5865667 -0.6161301 0 -0.7876444 -0.6161513 0 -0.7876278 -0.3909587 0 -0.9204082 -0.3909628 0 -0.9204065 -0.2014177 0 -0.9795055 -0.2013831 0.01495368 -0.9793984 -0.0416296 0.01344522 -0.9990426 -0.04441079 0.04479567 -0.9980085 0 0.9999889 -0.004724305 0 1 0 0 0.9999996 -0.0009044369 0 0.9999889 0.004724332 0 -0.9996926 0.02479598 0 0.9999996 0.0009177793 0 0.9999999 0.000419443 0 0.9999996 -0.0007853841 0 0.9999999 0.00056914 0 0.9999999 0.0004193588 0 0.9999999 -0.0005690643 0 0.9999999 0.0005690648 -0.9248341 0 0.3803708 -0.8704308 0 0.4922908 -0.8704312 0 0.49229 -0.9248532 0 0.3803242 -0.9883168 0 0.1524132 -0.9883144 0 0.1524289 -0.9962817 0 -0.08615574 -0.9962869 0 -0.08609555 -0.9396338 0 -0.3421818 -0.9396355 0 -0.3421769 -0.8098517 0 -0.5866347 -0.8099009 0 -0.5865667 -0.6161301 0 -0.7876444 -0.6161513 0 -0.7876278 -0.3909587 0 -0.9204082 -0.390963 0 -0.9204064 -0.2014177 0 -0.9795055 -0.201383 -0.01495368 -0.9793984 -0.0416296 -0.01344523 -0.9990426 -0.0444108 -0.04479567 -0.9980085 0 -0.924834 0.3803709 0 -0.8704312 0.49229 0 -0.8704309 0.4922905 0 -0.9248533 0.380324 0 -0.9883169 0.1524131 0 -0.9883214 0.1523838 0 -0.9962817 -0.08615596 0 -0.9962869 -0.08609539 0 -0.9396337 -0.3421819 0 -0.9396356 -0.3421769 0 -0.8098519 -0.5866345 0 -0.8099008 -0.5865668 0 -0.6161298 -0.7876446 0 -0.6161512 -0.7876279 0 -0.3909592 -0.920408 0 -0.3909627 -0.9204065 0 -0.2014635 -0.979496 -0.01495373 -0.201383 -0.9793984 -0.01344528 -0.04158318 -0.9990446 -0.04479667 -0.04437174 -0.9980102 0 0.02110717 -0.9997773 0 0.1237407 -0.9923146 0 0.109406 -0.9939972 0 0.02110717 -0.9997773 0 -0.04436613 -0.9990153 0 0.109406 -0.9939972 0 0.2198286 -0.9755386 0 0.2198286 -0.9755386 0 0.219811 -0.9755425 0 0.2198286 -0.9755386 0 0.219811 -0.9755425 0 0.219811 -0.9755425 0 -0.924834 0.3803709 0 -0.8704309 0.4922905 0 -0.8704312 0.49229 0 -0.9248533 0.380324 0 -0.9883169 0.1524131 0 -0.9883214 0.1523838 0 -0.9962817 -0.08615596 0 -0.9962869 -0.08609537 0 -0.9396337 -0.3421819 0 -0.9396356 -0.3421769 0 -0.8098519 -0.5866345 0 -0.8099008 -0.5865668 0 -0.6161298 -0.7876446 0 -0.6161512 -0.7876279 0 -0.3909592 -0.920408 0 -0.3909629 -0.9204065 0 -0.2014635 -0.979496 0.01495373 -0.201383 -0.9793984 0.01344528 -0.04158318 -0.9990446 0.04479667 -0.04437174 -0.9980102 0.9248341 0 0.3803708 0.8704312 0 0.49229 0.8704308 0 0.4922908 0.9248532 0 0.3803242 0.9883168 0 0.1524132 0.9883144 0 0.1524289 0.9962817 0 -0.08615574 0.9962869 0 -0.08609556 0.9396338 0 -0.3421818 0.9396355 0 -0.3421769 0.8098517 0 -0.5866347 0.8099009 0 -0.5865667 0.6161301 0 -0.7876444 0.6161513 0 -0.7876278 0.3909587 0 -0.9204082 0.3909628 0 -0.9204065 0.2014177 0 -0.9795055 0.2013831 -0.01495368 -0.9793984 0.0416296 -0.01344522 -0.9990426 0.04441079 -0.04479567 -0.9980085 0 0.9999889 0.004724305 0 1 0 0 0.9999996 0.0009044369 0 0.9999889 -0.004724332 0 -0.9996926 -0.02479598 0 0.9999996 -0.0009177793 0 0.9999999 -0.000419443 0 0.9999996 0.0007853841 0 0.9999999 -0.00056914 0 0.9999999 -0.0004193588 0 0.9999999 0.0005690643 0 0.9999999 -0.0005690648 0.9248341 0 0.3803708 0.8704308 0 0.4922908 0.8704312 0 0.49229 0.9248532 0 0.3803242 0.9883168 0 0.1524132 0.9883144 0 0.1524289 0.9962817 0 -0.08615574 0.9962869 0 -0.08609555 0.9396338 0 -0.3421818 0.9396355 0 -0.3421769 0.8098517 0 -0.5866347 0.8099009 0 -0.5865667 0.6161301 0 -0.7876444 0.6161513 0 -0.7876278 0.3909587 0 -0.9204082 0.390963 0 -0.9204064 0.2014177 0 -0.9795055 0.201383 0.01495368 -0.9793984 0.0416296 0.01344523 -0.9990426 0.0444108 0.04479567 -0.9980085 0 0.924834 0.3803709 0 0.8704312 0.49229 0 0.8704311 0.4922904 0 0.9248534 0.380324 0 0.9883168 0.1524132 0 0.9883144 0.1524288 0 0.9962817 -0.08615598 0 0.9962869 -0.08609541 0 0.9396338 -0.3421817 0 0.9396356 -0.3421769 0 0.8098519 -0.5866343 0 0.8099008 -0.586567 0 0.6161304 -0.7876441 0 0.6161867 -0.7876001 0 0.3909589 -0.9204081 0 0.3909625 -0.9204066 0 0.2014173 -0.9795055 0.01495368 0.2013832 -0.9793984 0.01344526 0.04158267 -0.9990446 0.04479578 0.04440598 -0.9980087 0 0.02110604 0.9997773 0 0.1237406 0.9923146 0 0.1094489 0.9939924 0 0.02110604 0.9997773 0 -0.04440117 0.9990138 0 0.1094489 0.9939924 0 0.2198294 0.9755383 0 0.2198294 0.9755383 0 0.2198104 0.9755426 0 0.2198294 0.9755383 0 0.2198104 0.9755426 0 0.2198104 0.9755426 0 0.924834 0.3803709 0 0.8704311 0.4922904 0 0.8704312 0.49229 0 0.9248534 0.380324 0 0.9883168 0.1524132 0 0.9883144 0.1524288 0 0.9962817 -0.08615598 0 0.996283 -0.08614058 0 0.9396338 -0.3421817 0 0.9396356 -0.3421769 0 0.8098519 -0.5866343 0 0.8099008 -0.586567 0 0.6161304 -0.7876441 0 0.6161512 -0.787628 0 0.3909589 -0.9204081 0 0.3909626 -0.9204065 0 0.2014173 -0.9795055 -0.01495368 0.2013832 -0.9793984 -0.01344527 0.04158267 -0.9990446 -0.04479578 0.04440598 -0.9980087 0 -1 0 0 -1 0 0 -1 0 0 -1 0 0 -1 0 0 -1 0 0 -1 0 0 -1 0 0 -1 0 0 -1 0 0 -1 0 0 -1 0 0 -1 0 0 -1 0 0 -1 0 0 -1 0 0 -1 0 0 -1 0 0 -1 0 0 -1 0 0 -1 0 0 -1 0 0 -1 0 0 -1 0 0 -1 0 0 -1 0 0 -1 0 0 -1 0 0 -1 0 0 -1 0 0 -1 0 0 -1 0 0 -1 0 0 -1 0 0 -1 0 0 -1 0 0 -1 0 0 -1 0 0 -1 0 0 -1 0 0 -1 0 0 -1 0 0 -1 0 0 -1 0 0 -1 0 0 -1 0 0 -1 0 0 -1 0 0 -1 0 0 -1 0 0 -1 0 0 -1 0 0 -1 0 0 -1 0 0 -1 0 0 -1 0 0 -1 0 0 -1 0 0 -1 0 0 -1 0 0 -1 0 0 -1 0 0 -1 0 0 -1 0  
					<SubMeshes>: 1
						<SubMesh>: 0 792 0 1 2 0 2 3 4 0 3 4 3 5 6 4 5 6 5 7 8 6 7 8 7 9 10 8 9 10 9 11 12 10 11 12 11 13 14 12 13 14 13 15 16 14 15 16 15 17 18 16 17 18 17 19 19 20 18 20 21 18 20 22 21 23 18 21 24 18 23 23 21 25 22 26 21 25 21 26 22 27 26 25 26 28 27 29 26 28 26 29 27 30 29 28 29 31 32 33 34 32 35 33 36 35 32 36 37 35 38 37 36 38 39 37 40 39 38 40 41 39 42 41 40 42 43 41 44 43 42 44 45 43 46 45 44 46 47 45 48 47 46 48 49 47 50 49 48 50 51 49 52 53 54 52 54 55 56 52 55 56 55 57 58 56 57 58 57 59 60 58 59 60 59 61 62 60 61 62 61 63 64 62 63 64 63 65 66 64 65 66 65 67 68 66 67 68 67 69 70 68 69 70 69 71 71 72 70 72 73 70 72 74 73 75 70 73 76 70 75 75 73 77 74 78 73 77 73 78 74 79 78 77 78 80 79 81 78 80 78 81 79 82 81 80 81 83 84 85 86 84 87 85 88 87 84 88 89 87 90 89 88 90 91 89 92 91 90 92 93 91 94 93 92 94 95 93 96 95 94 96 97 95 98 97 96 98 99 97 100 99 98 100 101 99 102 101 100 102 103 101 104 105 106 104 106 107 108 104 107 108 107 109 110 108 109 110 109 111 112 110 111 112 111 113 114 112 113 114 113 115 116 114 115 116 115 117 118 116 117 118 117 119 120 118 119 120 119 121 122 120 121 122 121 123 123 124 122 124 125 122 124 126 125 127 122 125 128 122 127 127 125 129 126 130 125 129 125 130 126 131 130 129 130 132 131 133 130 132 130 133 131 134 133 132 133 135 136 137 138 136 139 137 140 139 136 140 141 139 142 141 140 142 143 141 144 143 142 144 145 143 146 145 144 146 147 145 148 147 146 148 149 147 150 149 148 150 151 149 152 151 150 152 153 151 154 153 152 154 155 153 156 157 158 156 158 159 160 156 159 160 159 161 162 160 161 162 161 163 164 162 163 164 163 165 166 164 165 166 165 167 168 166 167 168 167 169 170 168 169 170 169 171 172 170 171 172 171 173 174 172 173 174 173 175 175 176 174 176 177 174 176 178 177 179 174 177 180 174 179 179 177 181 178 182 177 181 177 182 178 183 182 181 182 184 183 185 182 184 182 185 183 186 185 184 185 187 188 189 190 188 191 189 192 191 188 192 193 191 194 193 192 194 195 193 196 195 194 196 197 195 198 197 196 198 199 197 200 199 198 200 201 199 202 201 200 202 203 201 204 203 202 204 205 203 206 205 204 206 207 205 208 209 210 208 210 211 212 209 208 211 210 213 212 214 209 211 213 215 216 214 212 215 213 217 216 218 214 215 217 219 220 218 216 219 217 221 220 222 218 219 221 223 224 222 220 223 221 225 224 226 222 223 225 227 228 226 224 227 225 229 228 230 226 227 229 231 232 230 228 231 229 233 232 234 230 231 233 235 236 234 232 235 233 237 236 238 234 235 237 239 240 238 236 239 237 241 240 242 238 239 241 243 244 242 240 243 241 245 244 246 242 243 245 247 248 246 244 247 245 249 248 250 246 247 249 251 252 250 248 251 249 253 252 254 250 251 253 255 256 254 252 255 253 257 256 258 254 255 257 259 260 258 256 259 257 261 260 262 258 259 261 263 264 262 260 263 261 265 264 266 262 263 265 267 268 266 264 267 265 269 268 270 266 267 269 271 271 270 268 271 269 270  
				</Mesh>
				<Materials>: 1
					<Material>: 0
						<AlbedoColor>: 0.8000001 0 0.009987115 1
						<EmissiveColor>: 0 0 0 0
						<Glossiness>: 0.5
						<Metallic>: 0
						<SpecularHighlight>: 1
						<GlossyReflection>: 1
						<AlbedoMap>: null
						<MetallicMap>: null
						<NormalMap>: null
						<EmissionMap>: null
						<DetailAlbedoMap>: null
						<DetailNormalMap>: null
				</Materials>
				<Children>: 0
			</Frame>
			<Frame>: 2 0 Pointer
				<Transform>: 0 0 0 270.0198 0 0 100 100 100 -0.7071068 0 0 0.7071067  
				<TransformMatrix>: 100 0 0 0 0 -1.192093E-05 -99.99999 0 0 99.99999 -1.192093E-05 0 0 0 0 1  
				<Children>: 5
					<Frame>: 3 0 Arrow1
						<Transform>: 0 0.009032681 0 89.98022 -3.04937E-06 0 1 1 1 0.7071068 -1.881665E-08 -1.881665E-08 0.7071067  
						<TransformMatrix>: 1 -5.322153E-08 0 0 -1.065814E-14 -1.192093E-07 0.9999999 0 -5.322153E-08 -0.9999999 -1.192093E-07 0 0 0.009032681 0 1  
						<Children>: 1
							<Frame>: 4 0 Arrow1_end
								<Transform>: 0 0.009032681 0 0 0 0 1 1 1 0 0 0 1  
								<TransformMatrix>: 1 0 0 0 0 1 0 0 0 0 1 0 0 0.009032681 0 1  
								<Children>: 0
							</Frame>
					</Frame>
					<Frame>: 5 0 Arrow2
						<Transform>: -0.00903268 0 0 89.98022 -1.961152E-06 0 1 1 1 0.7071068 -1.210162E-08 -1.210162E-08 0.7071067  
						<TransformMatrix>: 1 -3.422856E-08 0 0 -5.329071E-15 -1.192093E-07 0.9999999 0 -3.422855E-08 -0.9999999 -1.192093E-07 0 -0.00903268 0 0 1  
						<Children>: 1
							<Frame>: 6 0 Arrow2_end
								<Transform>: 0 0.00903268 0 0 0 0 1 1 1 0 0 0 1  
								<TransformMatrix>: 1 0 0 0 0 1 0 0 0 0 1 0 0 0.00903268 0 1  
								<Children>: 0
							</Frame>
					</Frame>
					<Frame>: 7 0 Arrow3
						<Transform>: 0 -0.00903268 0 89.98022 -3.049369E-06 0 1 1 1 0.7071068 -1.881665E-08 -1.881665E-08 0.7071067  
						<TransformMatrix>: 1 -5.322152E-08 1.776357E-15 0 -8.881784E-15 -1.192093E-07 0.9999999 0 -5.322152E-08 -0.9999999 -1.192093E-07 0 0 -0.00903268 0 1  
						<Children>: 1
							<Frame>: 8 0 Arrow3_end
								<Transform>: 0 0.00903268 0 0 0 0 1 1 1 0 0 0 1  
								<TransformMatrix>: 1 0 0 0 0 1 0 0 0 0 1 0 0 0.00903268 0 1  
								<Children>: 0
							</Frame>
					</Frame>
					<Frame>: 9 0 Arrow4
						<Transform>: 0.00903268 0 0 89.98022 -1.961152E-06 0 1 1 1 0.7071068 -1.210162E-08 -1.210162E-08 0.7071067  
						<TransformMatrix>: 1 -3.422856E-08 0 0 -5.329071E-15 -1.192093E-07 0.9999999 0 -3.422855E-08 -0.9999999 -1.192093E-07 0 0.00903268 0 0 1  
						<Children>: 1
							<Frame>: 10 0 Arrow4_end
								<Transform>: 0 0.00903268 0 0 0 0 1 1 1 0 0 0 1  
								<TransformMatrix>: 1 0 0 0 0 1 0 0 0 0 1 0 0 0.00903268 0 1  
								<Children>: 0
							</Frame>
					</Frame>
					<Frame>: 11 0 Circle
						<Transform>: 0 0 0 89.98022 -1.961152E-06 0 1 1 1 0.7071068 -1.210162E-08 -1.210162E-08 0.7071067  
						<TransformMatrix>: 1 -3.422856E-08 0 0 -5.329071E-15 -1.192093E-07 0.9999999 0 -3.422855E-08 -0.9999999 -1.192093E-07 0 0 0 0 1  
						<Children>: 1
							<Frame>: 12 0 Circle_end
								<Transform>: 0 0.01 0 0 0 0 1 1 1 0 0 0 1  
								<TransformMatrix>: 1 0 0 0 0 1 0 0 0 0 1 0 0 0.01 0 1  
								<Children>: 0
							</Frame>
					</Frame>
			</Frame>
	</Frame>
</Hierarchy>
<Animation>:
	<AnimationSets>: 1
		<FrameNames>: 13 pointer Circle Pointer Arrow1 Arrow1_end Arrow2 Arrow2_end Arrow3 Arrow3_end Arrow4 Arrow4_end Circle Circle_end  
		<AnimationSet>: 0 Pointer|action_Pointer 0.5833334 24 15
			<Transforms>: 0 0 1 0 0 0 0 1 0 0 0 0 1 0 0 0 0 1 100 0 0 0 0 -1.192093E-05 -99.99999 0 0 99.99999 -1.192093E-05 0 0 0 0 1 100 0 0 0 0 -1.192093E-05 -99.99999 0 0 99.99999 -1.192093E-05 0 0 0 0 1 1 -5.322153E-08 0 0 -1.065814E-14 -1.192093E-07 0.9999999 0 -5.322153E-08 -0.9999999 -1.192093E-07 0 0 0.009032681 0 1 1 0 0 0 0 1 0 0 0 0 1 0 0 0.009032681 0 1 1 -3.422856E-08 0 0 -5.329071E-15 -1.192093E-07 0.9999999 0 -3.422855E-08 -0.9999999 -1.192093E-07 0 -0.00903268 0 0 1 1 0 0 0 0 1 0 0 0 0 1 0 0 0.00903268 0 1 1 -5.322152E-08 1.776357E-15 0 -8.881784E-15 -1.192093E-07 0.9999999 0 -5.322152E-08 -0.9999999 -1.192093E-07 0 0 -0.00903268 0 1 1 0 0 0 0 1 0 0 0 0 1 0 0 0.00903268 0 1 1 -3.422856E-08 0 0 -5.329071E-15 -1.192093E-07 0.9999999 0 -3.422855E-08 -0.9999999 -1.192093E-07 0 0.00903268 0 0 1 1 0 0 0 0 1 0 0 0 0 1 0 0 0.00903268 0 1 1 -3.422856E-08 0 0 -5.329071E-15 -1.192093E-07 0.9999999 0 -3.422855E-08 -0.9999999 -1.192093E-07 0 0 0 0 1 1 0 0 0 0 1 0 0 0 0 1 0 0 0.01 0 1  
			<Transforms>: 1 0.04166667 1 0 0 0 0 1 0 0 0 0 1 0 0 0 0 1 100 0 0 0 0 -1.192093E-05 -99.99999 0 0 99.99999 -1.192093E-05 0 0 0 0 1 100 0 0 0 0 -1.192093E-05 -99.99999 0 0 99.99999 -1.192093E-05 0 0 0 0 1 0.9885432 -5.261177E-08 3.512011E-15 0 -2.408549E-09 -0.04525522 0.9875069 0 -5.255662E-08 -0.9875068 -0.04525521 0 -1.757861E-11 0.008925579 3.937381E-11 1 1 0 0 0 0 1 0 0 0 0 1 0 0 0.009032681 0 1 0.9875067 -3.314349E-08 -0.04525534 0 0.04525534 -3.535306E-07 0.9875069 0 -4.050871E-08 -0.9885433 -2.356871E-07 0 -0.008925579 -1.130539E-11 3.869671E-19 1 1 0 0 0 0 1 0 0 0 0 1 0 0 0.00903268 0 1 0.9885432 -5.261177E-08 5.268016E-15 0 2.408556E-09 0.04525527 0.9875069 0 -5.255662E-08 -0.9875069 0.04525527 0 1.757861E-11 -0.008925579 -3.937381E-11 1 1 0 0 0 0 1 0 0 0 0 1 0 0 0.00903268 0 1 0.9875122 -3.49848E-08 0.0451338 0 -0.0451338 -1.178435E-07 0.9875122 0 -2.761958E-08 -0.9885432 -1.178435E-07 0 0.008925579 1.130539E-11 -3.869671E-19 1 1 0 0 0 0 1 0 0 0 0 1 0 0 0.00903268 0 1 0.9885432 -3.38364E-08 0 0 -5.268016E-15 -1.178435E-07 0.9885431 0 -3.38364E-08 -0.9885431 -1.178435E-07 0 0 0 0 1 1 0 0 0 0 1 0 0 0 0 1 0 0 0.01 0 1  
			<Transforms>: 2 0.08333334 1 0 0 0 0 1 0 0 0 0 1 0 0 0 0 1 100 0 0 0 0 -1.192093E-05 -99.99999 0 0 99.99999 -1.192093E-05 0 0 0 0 1 100 0 0 0 0 -1.192093E-05 -99.99999 0 0 99.99999 -1.192093E-05 0 0 0 0 1 0.9684767 -5.154381E-08 5.16108E-15 0 -8.964303E-09 -0.1684337 0.9537175 0 -5.07583E-08 -0.9537175 -0.1684337 0 -3.515722E-11 0.008742084 7.874762E-11 1 1 0 0 0 0 1 0 0 0 0 1 0 0 0.009032681 0 1 0.9537175 -3.607857E-08 -0.1684339 0 0.1684339 0 0.9537175 0 -3.607857E-08 -0.9684767 0 0 -0.008742084 -2.261078E-11 7.739341E-19 1 1 0 0 0 0 1 0 0 0 0 1 0 0 0.00903268 0 1 0.9684767 -5.154381E-08 8.601801E-15 0 8.964311E-09 0.168434 0.9537176 0 -5.07583E-08 -0.9537176 0.168434 0 3.515722E-11 -0.008742084 -7.874762E-11 1 1 0 0 0 0 1 0 0 0 0 1 0 0 0.00903268 0 1 0.9537979 -4.329428E-08 0.1679777 0 -0.1679777 -1.154514E-07 0.9537979 0 -2.164714E-08 -0.9684766 -1.154514E-07 0 0.008742084 2.261079E-11 -7.739343E-19 1 1 0 0 0 0 1 0 0 0 0 1 0 0 0.00903268 0 1 0.9684767 -3.314956E-08 0 0 -5.16108E-15 -1.154514E-07 0.9684766 0 -3.314955E-08 -0.9684766 -1.154514E-07 0 0 0 0 1 1 0 0 0 0 1 0 0 0 0 1 0 0 0.01 0 1  
			<Transforms>: 3 0.125 1 0 0 0 0 1 0 0 0 0 1 0 0 0 0 1 100 0 0 0 0 -1.192093E-05 -99.99999 0 0 99.99999 -1.192093E-05 0 0 0 0 1 100 0 0 0 0 -1.192093E-05 -99.99999 0 0 99.99999 -1.192093E-05 0 0 0 0 1 0.9393905 -4.999579E-08 3.337385E-15 0 -1.828319E-08 -0.3435299 0.8743235 0 -4.653283E-08 -0.8743235 -0.3435299 0 -5.273583E-11 0.008486688 1.181214E-10 1 1 0 0 0 0 1 0 0 0 0 1 0 0 0.009032681 0 1 0.8743235 -5.599204E-08 -0.34353 0 0.34353 0 0.8743235 0 -5.599204E-08 -0.9393905 5.599204E-08 0 -0.008486688 -3.391617E-11 1.160901E-18 1 1 0 0 0 0 1 0 0 0 0 1 0 0 0.00903268 0 1 0.9393905 -4.999579E-08 3.337385E-15 0 1.828319E-08 0.3435299 0.8743236 0 -4.653283E-08 -0.8743237 0.3435299 0 5.273583E-11 -0.008486688 -1.181214E-10 1 1 0 0 0 0 1 0 0 0 0 1 0 0 0.00903268 0 1 0.8746749 -5.599204E-08 0.3426343 0 -0.3426343 -1.119841E-07 0.874675 0 -5.599204E-08 -0.9393906 -1.119841E-07 0 0.008486688 3.391618E-11 -1.160901E-18 1 1 0 0 0 0 1 0 0 0 0 1 0 0 0.00903268 0 1 0.9393905 -3.215398E-08 0 0 -5.006078E-15 -1.119841E-07 0.9393904 0 -3.215398E-08 -0.9393904 -1.119841E-07 0 0 0 0 1 1 0 0 0 0 1 0 0 0 0 1 0 0 0.01 0 1  
			<Transforms>: 4 0.1666667 1 0 0 0 0 1 0 0 0 0 1 0 0 0 0 1 100 0 0 0 0 -1.192093E-05 -99.99999 0 0 99.99999 -1.192093E-05 0 0 0 0 1 100 0 0 0 0 -1.192093E-05 -99.99999 0 0 99.99999 -1.192093E-05 0 0 0 0 1 0.9008746 -4.794592E-08 1.600275E-15 0 -2.809783E-08 -0.5279411 0.7299682 0 -3.885002E-08 -0.7299682 -0.5279411 0 -7.031444E-11 0.008091623 1.574952E-10 1 1 0 0 0 0 1 0 0 0 0 1 0 0 0.009032681 0 1 0.7299682 -5.369631E-08 -0.5279409 0 0.5279409 -1.073926E-07 0.7299682 0 -5.369631E-08 -0.9008747 0 0 -0.008091624 -4.522156E-11 1.547868E-18 1 1 0 0 0 0 1 0 0 0 0 1 0 0 0.00903268 0 1 0.9008746 -4.794592E-08 6.401099E-15 0 2.809782E-08 0.527941 0.7299681 0 -3.885001E-08 -0.7299681 0.527941 0 7.031443E-11 -0.008091623 -1.574952E-10 1 1 0 0 0 0 1 0 0 0 0 1 0 0 0.00903268 0 1 0.7308626 -8.054447E-08 0.526702 0 -0.526702 0 0.7308626 0 -8.054447E-08 -0.9008746 0 0 0.008091623 4.522158E-11 -1.547869E-18 1 1 0 0 0 0 1 0 0 0 0 1 0 0 0.00903268 0 1 0.9008746 -3.083564E-08 0 0 -4.800824E-15 -1.073926E-07 0.9008746 0 -3.083563E-08 -0.9008746 -1.073926E-07 0 0 0 0 1 1 0 0 0 0 1 0 0 0 0 1 0 0 0.01 0 1  
			<Transforms>: 5 0.2083333 1 0 0 0 0 1 0 0 0 0 1 0 0 0 0 1 100 0 0 0 0 -1.192093E-05 -99.99999 0 0 99.99999 -1.192093E-05 0 0 0 0 1 100 0 0 0 0 -1.192093E-05 -99.99999 0 0 99.99999 -1.192093E-05 0 0 0 0 1 0.8544793 -4.547669E-08 1.51786E-15 0 -3.606853E-08 -0.6777058 0.5204326 0 -2.769821E-08 -0.5204326 -0.6777058 0 -8.789305E-11 0.007656747 1.96869E-10 1 1 0 0 0 0 1 0 0 0 0 1 0 0 0.009032681 0 1 0.5204327 -2.546547E-08 -0.6777055 0 0.6777055 0 0.5204327 0 -2.546547E-08 -0.8544793 0 0 -0.007656747 -5.652695E-11 1.934835E-18 1 1 0 0 0 0 1 0 0 0 0 1 0 0 0.00903268 0 1 0.8544793 -4.547669E-08 4.553581E-15 0 3.606852E-08 0.6777056 0.5204326 0 -2.769822E-08 -0.5204326 0.6777056 0 8.789305E-11 -0.007656746 -1.96869E-10 1 1 0 0 0 0 1 0 0 0 0 1 0 0 0.00903268 0 1 0.5220992 -2.546547E-08 0.6764225 0 -0.6764225 5.093094E-08 0.5220993 0 -7.63964E-08 -0.8544794 0 0 0.007656746 5.652697E-11 -1.934836E-18 1 1 0 0 0 0 1 0 0 0 0 1 0 0 0.00903268 0 1 0.8544793 -2.924759E-08 0 0 -4.553581E-15 -1.018619E-07 0.8544793 0 -2.924759E-08 -0.8544793 -1.018619E-07 0 0 0 0 1 1 0 0 0 0 1 0 0 0 0 1 0 0 0.01 0 1  
			<Transforms>: 6 0.25 1 0 0 0 0 1 0 0 0 0 1 0 0 0 0 1 100 0 0 0 0 -1.192093E-05 -99.99999 0 0 99.99999 -1.192093E-05 0 0 0 0 1 100 0 0 0 0 -1.192093E-05 -99.99999 0 0 99.99999 -1.192093E-05 0 0 0 0 1 0.8035219 -4.276467E-08 3.568354E-15 0 -4.040073E-08 -0.759105 0.263453 0 -1.402137E-08 -0.263453 -0.759105 0 -1.054717E-10 0.007195328 2.362428E-10 1 1 0 0 0 0 1 0 0 0 0 1 0 0 0.009032681 0 1 0.2634531 2.394682E-08 -0.7591048 0 0.7591048 -1.915746E-07 0.2634532 0 -7.184046E-08 -0.8035221 -1.915746E-07 0 -0.007195329 -6.783234E-11 2.321802E-18 1 1 0 0 0 0 1 0 0 0 0 1 0 0 0.00903268 0 1 0.8035219 -4.276466E-08 3.568354E-15 0 4.040071E-08 0.7591048 0.2634529 0 -1.402137E-08 -0.2634529 0.7591048 0 1.054717E-10 -0.007195328 -2.362428E-10 1 1 0 0 0 0 1 0 0 0 0 1 0 0 0.00903268 0 1 0.2659754 0 0.7582247 0 -0.7582247 4.789364E-08 0.2659754 0 -4.789364E-08 -0.8035219 0 0 0.007195328 6.783236E-11 -2.321803E-18 1 1 0 0 0 0 1 0 0 0 0 1 0 0 0.00903268 0 1 0.8035219 -2.75034E-08 0 0 -4.282025E-15 -9.578728E-08 0.8035219 0 -2.750339E-08 -0.8035219 -9.578728E-08 0 0 0 0 1 1 0 0 0 0 1 0 0 0 0 1 0 0 0.01 0 1  
			<Transforms>: 7 0.2916667 1 0 0 0 0 1 0 0 0 0 1 0 0 0 0 1 100 0 0 0 0 -1.192093E-05 -99.99999 0 0 99.99999 -1.192093E-05 0 0 0 0 1 100 0 0 0 0 -1.192093E-05 -99.99999 0 0 99.99999 -1.192093E-05 0 0 0 0 1 0.7502429 -3.992908E-08 -1.047259E-15 0 -3.992908E-08 -0.7502431 -8.943594E-08 0 3.712658E-15 8.943595E-08 -0.7502431 0 -1.230503E-10 0.00672064 2.756166E-10 1 1 0 0 0 0 1 0 0 0 0 1 0 0 0.009032681 0 1 1.341539E-07 0 -0.7502431 0 0.7502431 0 1.565129E-07 0 0 -0.7502429 0 0 -0.006720641 -7.913772E-11 2.708769E-18 1 1 0 0 0 0 1 0 0 0 0 1 0 0 0.00903268 0 1 0.7502429 -3.992907E-08 -4.281607E-16 0 3.992907E-08 0.7502431 -1.341539E-07 0 7.568035E-15 1.341539E-07 0.750243 0 1.230503E-10 -0.006720639 -2.756166E-10 1 1 0 0 0 0 1 0 0 0 0 1 0 0 0.00903268 0 1 0.003166837 -2.235898E-08 0.7502363 0 -0.7502363 -8.943593E-08 0.003166926 0 -2.235898E-08 -0.7502431 -8.943593E-08 0 0.006720639 7.913775E-11 -2.70877E-18 1 1 0 0 0 0 1 0 0 0 0 1 0 0 0.00903268 0 1 0.7502429 -2.567973E-08 0 0 -3.998098E-15 -8.943593E-08 0.7502429 0 -2.567973E-08 -0.7502429 -8.943593E-08 0 0 0 0 1 1 0 0 0 0 1 0 0 0 0 1 0 0 0.01 0 1  
			<Transforms>: 8 0.3333333 1 0 0 0 0 1 0 0 0 0 1 0 0 0 0 1 100 0 0 0 0 -1.192093E-05 -99.99999 0 0 99.99999 -1.192093E-05 0 0 0 0 1 100 0 0 0 0 -1.192093E-05 -99.99999 0 0 99.99999 -1.192093E-05 0 0 0 0 1 0.696883 -3.708918E-08 3.094782E-15 0 -3.503897E-08 -0.658361 -0.228489 0 1.216054E-08 0.228489 -0.658361 0 -1.406289E-10 0.006245952 3.149904E-10 1 1 0 0 0 0 1 0 0 0 0 1 0 0 0.009032681 0 1 -0.2284888 2.076874E-08 -0.658361 0 0.658361 0 -0.2284888 0 -2.076873E-08 -0.696883 0 0 -0.006245952 -9.044311E-11 3.095736E-18 1 1 0 0 0 0 1 0 0 0 0 1 0 0 0.00903268 0 1 0.696883 -3.708917E-08 1.856869E-15 0 3.503896E-08 0.6583608 -0.228489 0 1.216053E-08 0.228489 0.6583607 0 1.406289E-10 -0.00624595 -3.149904E-10 1 1 0 0 0 0 1 0 0 0 0 1 0 0 0.00903268 0 1 -0.2251169 0 0.6595212 0 -0.6595212 0 -0.2251169 0 0 -0.696883 0 0 0.00624595 9.044315E-11 -3.095738E-18 1 1 0 0 0 0 1 0 0 0 0 1 0 0 0.00903268 0 1 0.696883 -2.38533E-08 0 0 -3.713738E-15 -8.307492E-08 0.6968829 0 -2.385329E-08 -0.6968829 -8.307492E-08 0 0 0 0 1 1 0 0 0 0 1 0 0 0 0 1 0 0 0.01 0 1  
			<Transforms>: 9 0.375 1 0 0 0 0 1 0 0 0 0 1 0 0 0 0 1 100 0 0 0 0 -1.192093E-05 -99.99999 0 0 99.99999 -1.192093E-05 0 0 0 0 1 100 0 0 0 0 -1.192093E-05 -99.99999 0 0 99.99999 -1.192093E-05 0 0 0 0 1 0.6456826 -3.436422E-08 4.587851E-15 0 -2.725499E-08 -0.5121047 -0.3932621 0 2.093002E-08 0.3932621 -0.5121047 0 -1.582075E-10 0.005784534 3.543641E-10 1 1 0 0 0 0 1 0 0 0 0 1 0 0 0.009032681 0 1 -0.393262 3.848569E-08 -0.5121047 0 0.5121047 0 -0.393262 0 -3.848568E-08 -0.6456826 0 0 -0.005784534 -1.017485E-10 3.482703E-18 1 1 0 0 0 0 1 0 0 0 0 1 0 0 0.00903268 0 1 0.6456826 -3.436421E-08 1.146963E-15 0 2.725499E-08 0.5121047 -0.393262 0 2.093E-08 0.393262 0.5121046 0 1.582075E-10 -0.005784533 -3.543641E-10 1 1 0 0 0 0 1 0 0 0 0 1 0 0 0.00903268 0 1 -0.3901922 0 0.5144473 0 -0.5144473 0 -0.3901922 0 0 -0.6456826 0 0 0.005784533 1.017485E-10 -3.482705E-18 1 1 0 0 0 0 1 0 0 0 0 1 0 0 0.00903268 0 1 0.6456826 -2.210078E-08 0 0 -3.440888E-15 -7.697137E-08 0.6456826 0 -2.210078E-08 -0.6456826 -7.697137E-08 0 0 0 0 1 1 0 0 0 0 1 0 0 0 0 1 0 0 0.01 0 1  
			<Transforms>: 10 0.4166666 1 0 0 0 0 1 0 0 0 0 1 0 0 0 0 1 100 0 0 0 0 -1.192093E-05 -99.99999 0 0 99.99999 -1.192093E-05 0 0 0 0 1 100 0 0 0 0 -1.192093E-05 -99.99999 0 0 99.99999 -1.192093E-05 0 0 0 0 1 0.5988824 -3.187344E-08 3.191487E-15 0 -1.867885E-08 -0.3509642 -0.4852675 0 2.582669E-08 0.4852675 -0.3509642 0 -1.757861E-10 0.005349658 3.937379E-10 1 1 0 0 0 0 1 0 0 0 0 1 0 0 0.009032681 0 1 -0.4852675 3.569619E-08 -0.3509643 0 0.3509643 0 -0.4852675 0 0 -0.5988825 -1.427847E-07 0 -0.005349658 -1.130539E-10 3.86967E-18 1 1 0 0 0 0 1 0 0 0 0 1 0 0 0.00903268 0 1 0.5988824 -3.187343E-08 3.191487E-15 0 1.867885E-08 0.3509641 -0.4852675 0 2.582667E-08 0.4852675 0.3509641 0 1.757861E-10 -0.005349657 -3.937379E-10 1 1 0 0 0 0 1 0 0 0 0 1 0 0 0.00903268 0 1 -0.4828887 1.784809E-08 0.3542296 0 -0.3542296 7.139234E-08 -0.4828887 0 -5.354426E-08 -0.5988824 -7.139235E-08 0 0.005349657 1.130539E-10 -3.869672E-18 1 1 0 0 0 0 1 0 0 0 0 1 0 0 0.00903268 0 1 0.5988824 -2.049888E-08 0 0 -3.191487E-15 -7.139235E-08 0.5988824 0 -2.049888E-08 -0.5988824 -7.139235E-08 0 0 0 0 1 1 0 0 0 0 1 0 0 0 0 1 0 0 0.01 0 1  
			<Transforms>: 11 0.4583333 1 0 0 0 0 1 0 0 0 0 1 0 0 0 0 1 100 0 0 0 0 -1.192093E-05 -99.99999 0 0 99.99999 -1.192093E-05 0 0 0 0 1 100 0 0 0 0 -1.192093E-05 -99.99999 0 0 99.99999 -1.192093E-05 0 0 0 0 1 0.558723 -2.973609E-08 9.924914E-16 0 -1.087434E-08 -0.2043222 -0.520023 0 2.767643E-08 0.5200231 -0.2043223 0 -1.933647E-10 0.004954594 4.331117E-10 1 1 0 0 0 0 1 0 0 0 0 1 0 0 0.009032681 0 1 -0.5200232 3.33025E-08 -0.2043223 0 0.2043223 6.6605E-08 -0.5200232 0 8.325621E-09 -0.558723 -1.332099E-07 0 -0.004954595 -1.243593E-10 4.256637E-18 1 1 0 0 0 0 1 0 0 0 0 1 0 0 0.00903268 0 1 0.558723 -2.973609E-08 1.984983E-15 0 1.087434E-08 0.2043221 -0.520023 0 2.767641E-08 0.520023 0.2043221 0 1.933647E-10 -0.004954593 -4.331117E-10 1 1 0 0 0 0 1 0 0 0 0 1 0 0 0.00903268 0 1 -0.5184931 0 0.2081737 0 -0.2081737 9.990745E-08 -0.5184931 0 -4.162811E-08 -0.558723 -1.332099E-07 0 0.004954593 1.243593E-10 -4.256639E-18 1 1 0 0 0 0 1 0 0 0 0 1 0 0 0.00903268 0 1 0.558723 -1.912428E-08 0 0 -2.977474E-15 -6.660497E-08 0.5587229 0 -1.912428E-08 -0.5587229 -6.660497E-08 0 0 0 0 1 1 0 0 0 0 1 0 0 0 0 1 0 0 0.01 0 1  
			<Transforms>: 12 0.4999999 1 0 0 0 0 1 0 0 0 0 1 0 0 0 0 1 100 0 0 0 0 -1.192093E-05 -99.99999 0 0 99.99999 -1.192093E-05 0 0 0 0 1 100 0 0 0 0 -1.192093E-05 -99.99999 0 0 99.99999 -1.192093E-05 0 0 0 0 1 0.5274448 -2.807142E-08 9.369302E-16 0 -4.882089E-09 -0.09173149 -0.5194069 0 2.764363E-08 0.5194069 -0.0917315 0 -2.109433E-10 0.004664745 4.724856E-10 1 1 0 0 0 0 1 0 0 0 0 1 0 0 0.009032681 0 1 -0.519407 2.75084E-08 -0.09173162 0 0.09173162 3.143818E-08 -0.519407 0 -1.964885E-08 -0.5274448 0 0 -0.004664747 -1.356647E-10 4.643605E-18 1 1 0 0 0 0 1 0 0 0 0 1 0 0 0.00903268 0 1 0.5274448 -2.807141E-08 1.87386E-15 0 4.882092E-09 0.09173152 -0.5194069 0 2.764362E-08 0.5194068 0.0917315 0 2.109433E-10 -0.004664745 -4.724856E-10 1 1 0 0 0 0 1 0 0 0 0 1 0 0 0.00903268 0 1 -0.5186599 -7.859541E-09 0.0958646 0 -0.0958646 6.287633E-08 -0.5186599 0 -7.859541E-09 -0.5274448 -6.287632E-08 0 0.004664745 1.356647E-10 -4.643605E-18 1 1 0 0 0 0 1 0 0 0 0 1 0 0 0.00903268 0 1 0.5274448 -1.805368E-08 0 0 -2.810791E-15 -6.287632E-08 0.5274448 0 -1.805367E-08 -0.5274448 -6.287632E-08 0 0 0 0 1 1 0 0 0 0 1 0 0 0 0 1 0 0 0.01 0 1  
			<Transforms>: 13 0.5416666 1 0 0 0 0 1 0 0 0 0 1 0 0 0 0 1 100 0 0 0 0 -1.192093E-05 -99.99999 0 0 99.99999 -1.192093E-05 0 0 0 0 1 100 0 0 0 0 -1.192093E-05 -99.99999 0 0 99.99999 -1.192093E-05 0 0 0 0 1 0.5072886 -2.699868E-08 -1.802251E-15 0 -1.235996E-09 -0.02322359 -0.5067568 0 2.697037E-08 0.5067568 -0.02322359 0 -2.285219E-10 0.004476007 5.118594E-10 1 1 0 0 0 0 1 0 0 0 0 1 0 0 0.009032681 0 1 -0.506757 4.535514E-08 -0.02322374 0 0.02322374 3.023676E-08 -0.5067569 0 -4.157554E-08 -0.5072886 -1.814205E-07 0 -0.004476009 -1.469701E-10 5.030572E-18 1 1 0 0 0 0 1 0 0 0 0 1 0 0 0.00903268 0 1 0.5072886 -2.699867E-08 4.505627E-15 0 1.236005E-09 0.02322364 -0.5067568 0 2.697036E-08 0.5067568 0.02322364 0 2.285219E-10 -0.004476007 -5.118594E-10 1 1 0 0 0 0 1 0 0 0 0 1 0 0 0.00903268 0 1 -0.5065462 -9.448988E-10 0.02743818 0 -0.02743818 0 -0.5065462 0 -9.448987E-10 -0.5072887 -6.047352E-08 0 0.004476007 1.469701E-10 -5.030573E-18 1 1 0 0 0 0 1 0 0 0 0 1 0 0 0.00903268 0 1 0.5072886 -1.736375E-08 0 0 -2.703377E-15 -6.047351E-08 0.5072885 0 -1.736375E-08 -0.5072885 -6.047351E-08 0 0 0 0 1 1 0 0 0 0 1 0 0 0 0 1 0 0 0.01 0 1  
			<Transforms>: 14 0.5833333 1 0 0 0 0 1 0 0 0 0 1 0 0 0 0 1 100 0 0 0 0 -1.192093E-05 -99.99999 0 0 99.99999 -1.192093E-05 0 0 0 0 1 100 0 0 0 0 -1.192093E-05 -99.99999 0 0 99.99999 -1.192093E-05 0 0 0 0 1 0.5 -2.661077E-08 1.776357E-15 0 1.776357E-15 -5.960464E-08 -0.5000001 0 2.661077E-08 0.5000001 -5.960464E-08 0 -2.461005E-10 0.004408601 5.512332E-10 1 1 0 0 0 0 1 0 0 0 0 1 0 0 0.009032681 0 1 -0.5 1.448797E-08 1.014159E-07 0 -1.014158E-07 8.940697E-08 -0.5 0 -1.448799E-08 -0.5 -5.960464E-08 0 -0.004408601 -1.582755E-10 5.417539E-18 1 1 0 0 0 0 1 0 0 0 0 1 0 0 0.00903268 0 1 0.5 -2.661076E-08 3.552714E-15 0 -3.552714E-15 -1.788139E-07 -0.5 0 2.661076E-08 0.5 -1.788139E-07 0 2.461005E-10 -0.0044086 -5.512332E-10 1 1 0 0 0 0 1 0 0 0 0 1 0 0 0.00903268 0 1 -0.4999825 1.955778E-08 0.004220964 0 -0.004220964 0 -0.4999824 0 -2.002344E-08 -0.5000001 -1.192093E-07 0 0.0044086 1.582755E-10 -5.41754E-18 1 1 0 0 0 0 1 0 0 0 0 1 0 0 0.00903268 0 1 0.5 -1.711428E-08 0 0 -2.664535E-15 -5.960464E-08 0.5 0 -1.711428E-08 -0.5 -5.960464E-08 0 0 0 0 1 1 0 0 0 0 1 0 0 0 0 1 0 0 0.01 0 1  
	</AnimationSets>
</Animation>
