<Hierarchy>:
	<Frame>: 0 1 GameObject
		<Transform>: 0 0 0 0 0 0 1 1 1 0 0 0 1  
		<TransformMatrix>: 1 0 0 0 0 1 0 0 0 0 1 0 0 0 0 1  
		<Children>: 1
			<Frame>: 1 0 Building_Bakery_(1)
				<Transform>: 0 0 0 0 0 0 1 1 1 0 0 0 1  
				<TransformMatrix>: 1 0 0 0 0 1 0 0 0 0 1 0 0 0 0 1  
				<Mesh>: 720 Building_Bakery
					<Bounds>: 0.0005576611 4.240176 0.2784216 6.794877 4.240176 5.637574
					<Positions>: 720 2.982051 8.480352 2.939967 2.982051 7.225261 2.939967 2.982051 7.225261 2.760688 2.982051 8.480352 2.939967 2.982051 7.225261 2.760688 2.982051 8.480352 2.760688 -2.980936 8.480352 2.760688 -2.980936 7.225261 2.760688 -2.980936 7.225261 2.939967 -2.980936 8.480352 2.760688 -2.980936 7.225261 2.939967 -2.980936 8.480352 2.939967 2.786159 4.815522 2.874927 -2.785044 4.815523 2.874927 -2.415441 4.972368 2.874927 0.3806361 6.019156 2.874927 2.051901 5.180586 2.874927 2.416555 4.972367 2.874927 1.082929 5.859792 2.874927 1.800476 5.380803 2.874927 1.378156 5.727059 2.874927 1.620442 5.565325 2.874927 0.7461084 5.95842 2.874927 2.051901 5.180586 2.874927 0.3806361 6.019156 2.874927 0.0005575386 6.039663 2.874927 2.416555 4.972367 2.874927 -0.379518 6.019156 2.874927 2.786159 4.815522 2.874927 -0.7449907 5.958421 2.874927 -1.081812 5.859792 2.874927 -1.377039 5.72706 2.874927 -1.619325 5.565326 2.874927 -1.799361 5.380805 2.874927 -2.050786 5.180587 2.874927 -2.415441 4.972368 2.874927 -2.415441 4.972368 5.915996 -2.785044 4.815523 5.915996 2.786159 4.815522 5.915996 2.416555 4.972367 5.915996 2.051901 5.180586 5.915995 0.3806361 6.019156 5.915995 1.800476 5.380804 5.915995 1.082929 5.859792 5.915995 1.378156 5.72706 5.915995 1.620442 5.565325 5.915995 2.051901 5.180586 5.915995 0.7461084 5.95842 5.915995 0.3806361 6.019156 5.915995 2.416555 4.972367 5.915996 0.0005575386 6.039663 5.915995 -0.379518 6.019156 5.915995 2.786159 4.815522 5.915996 -0.7449907 5.958421 5.915995 -1.081812 5.859793 5.915995 -1.377039 5.72706 5.915995 -1.619325 5.565327 5.915995 -1.799361 5.380805 5.915995 -2.050786 5.180587 5.915995 -2.415441 4.972368 5.915996 -2.032998 8.053724 2.922386 -2.032998 6.757294 2.922386 -2.032998 6.757294 2.77827 -2.032998 8.053724 2.77827 -2.032998 8.053724 2.77827 -2.032998 6.757294 2.77827 -2.440406 6.757294 2.77827 -2.440406 8.053724 2.77827 -2.440406 8.053724 2.77827 -2.440406 6.757294 2.77827 -2.440406 6.757294 2.922386 -2.440406 8.053724 2.922386 -2.440406 8.053724 2.922386 -2.440406 6.757294 2.922386 -2.032998 6.757294 2.922386 -2.032998 8.053724 2.922386 -2.032998 6.757294 2.922386 -2.440406 6.757294 2.922386 -2.440406 6.757294 2.77827 -2.032998 6.757294 2.77827 -2.440406 8.053724 2.922386 -2.032998 8.053724 2.922386 -2.032998 8.053724 2.77827 -2.440406 8.053724 2.77827 2.429838 8.053724 2.922386 2.429838 6.757294 2.922386 2.429838 6.757294 2.778269 2.429838 8.053724 2.778269 2.429838 8.053724 2.778269 2.429838 6.757294 2.778269 2.02243 6.757294 2.778269 2.02243 8.053724 2.778269 2.02243 8.053724 2.778269 2.02243 6.757294 2.778269 2.02243 6.757294 2.922386 2.02243 8.053724 2.922386 2.02243 8.053724 2.922386 2.02243 6.757294 2.922386 2.429838 6.757294 2.922386 2.429838 8.053724 2.922386 2.429838 6.757294 2.922386 2.02243 6.757294 2.922386 2.02243 6.757294 2.778269 2.429838 6.757294 2.778269 2.02243 8.053724 2.922386 2.429838 8.053724 2.922386 2.429838 8.053724 2.778269 2.02243 8.053724 2.778269 2.982051 8.480352 2.760688 2.982051 7.225261 2.760688 -2.980936 7.225261 2.760688 -2.980936 8.480352 2.760688 -2.980936 8.480352 2.939967 -2.980936 7.225261 2.939967 2.982051 7.225261 2.939967 2.982051 8.480352 2.939967 2.982051 7.225261 2.939967 -2.980936 7.225261 2.939967 -2.980936 7.225261 2.760688 2.982051 7.225261 2.760688 -2.980936 8.480352 2.939967 2.982051 8.480352 2.939967 2.982051 8.480352 2.760688 -2.980936 8.480352 2.760688 -1.561214 4.117387 5.277954 -1.561214 0.3934531 5.277954 -1.561214 0.3934531 4.822705 -1.561214 4.117387 4.822705 -1.561214 4.117387 4.822705 -1.561214 0.3934531 4.822705 -2.016462 0.3934531 4.822705 -2.016462 4.117387 4.822705 -2.016462 4.117387 4.822705 -2.016462 0.3934531 4.822705 -2.016462 0.3934531 5.277954 -2.016462 4.117387 5.277954 -2.016462 4.117387 5.277954 -2.016462 0.3934531 5.277954 -1.561214 0.3934531 5.277954 -1.561214 4.117387 5.277954 -2.016462 0.3934531 5.277954 -2.070364 0.3934531 5.331855 -1.507311 0.3934531 5.331855 -1.561214 0.3934531 5.277954 -1.561214 4.117387 5.277954 -1.506905 4.117387 5.332263 -2.070771 4.117387 5.332263 -2.016462 4.117387 5.277954 -1.506905 4.117387 5.332263 -1.506905 4.579014 5.332263 -2.070771 4.579014 5.332263 -2.070771 4.117387 5.332263 -2.016462 4.117387 5.277954 -2.070771 4.117387 5.332263 -2.070771 4.117387 4.768396 -2.016462 4.117387 4.822705 -2.016462 4.117387 4.822705 -2.070771 4.117387 4.768396 -1.506905 4.117387 4.768396 -1.561214 4.117387 4.822705 -1.561214 4.117387 4.822705 -1.506905 4.117387 4.768396 -1.506905 4.117387 5.332263 -1.561214 4.117387 5.277954 -2.070771 4.579014 5.332263 -1.506905 4.579014 5.332263 -1.506905 4.579014 4.768396 -2.070771 4.579014 4.768396 -2.070771 4.117387 5.332263 -2.070771 4.579014 5.332263 -2.070771 4.579014 4.768396 -2.070771 4.117387 4.768396 -2.070771 4.117387 4.768396 -2.070771 4.579014 4.768396 -1.506905 4.579014 4.768396 -1.506905 4.117387 4.768396 -1.506905 4.117387 4.768396 -1.506905 4.579014 4.768396 -1.506905 4.579014 5.332263 -1.506905 4.117387 5.332263 -2.070364 0.3934531 5.331855 -2.070364 0.01536512 5.331855 -1.507311 0.01536512 5.331855 -1.507311 0.3934531 5.331855 -2.016462 0.3934531 4.822705 -2.070364 0.3934531 4.768803 -2.070364 0.3934531 5.331855 -2.016462 0.3934531 5.277954 -1.561214 0.3934531 4.822705 -1.507311 0.3934531 4.768803 -2.070364 0.3934531 4.768803 -2.016462 0.3934531 4.822705 -1.561214 0.3934531 5.277954 -1.507311 0.3934531 5.331855 -1.507311 0.3934531 4.768803 -1.561214 0.3934531 4.822705 -1.507311 0.01536512 5.331855 -2.070364 0.01536512 5.331855 -2.070364 0.01536512 4.768803 -1.507311 0.01536512 4.768803 -2.070364 0.3934531 4.768803 -2.070364 0.01536512 4.768803 -2.070364 0.01536512 5.331855 -2.070364 0.3934531 5.331855 -1.507311 0.3934531 4.768803 -1.507311 0.01536512 4.768803 -2.070364 0.01536512 4.768803 -2.070364 0.3934531 4.768803 -1.507311 0.3934531 5.331855 -1.507311 0.01536512 5.331855 -1.507311 0.01536512 4.768803 -1.507311 0.3934531 4.768803 2.011535 4.11742 5.277954 2.011535 0.3934202 5.277954 2.011535 0.3934202 4.822706 2.011535 4.11742 4.822706 2.011535 4.11742 4.822706 2.011535 0.3934202 4.822706 1.556287 0.3934202 4.822706 1.556287 4.11742 4.822706 1.556287 4.11742 4.822706 1.556287 0.3934202 4.822706 1.556287 0.3934202 5.277954 1.556287 4.11742 5.277954 1.556287 4.11742 5.277954 1.556287 0.3934202 5.277954 2.011535 0.3934202 5.277954 2.011535 4.11742 5.277954 1.556287 0.3934202 5.277954 1.502384 0.3934202 5.331856 2.065437 0.3934202 5.331856 2.011535 0.3934202 5.277954 2.011535 4.11742 5.277954 2.065844 4.11742 5.332263 1.501977 4.11742 5.332263 1.556287 4.11742 5.277954 2.065844 4.11742 5.332263 2.065844 4.579056 5.332263 1.501977 4.579056 5.332263 1.501977 4.11742 5.332263 1.556287 4.11742 5.277954 1.501977 4.11742 5.332263 1.501977 4.11742 4.768396 1.556287 4.11742 4.822706 1.556287 4.11742 4.822706 1.501977 4.11742 4.768396 2.065844 4.11742 4.768396 2.011535 4.11742 4.822706 2.011535 4.11742 4.822706 2.065844 4.11742 4.768396 2.065844 4.11742 5.332263 2.011535 4.11742 5.277954 1.501977 4.579056 5.332263 2.065844 4.579056 5.332263 2.065844 4.579056 4.768396 1.501977 4.579056 4.768396 1.501977 4.11742 5.332263 1.501977 4.579056 5.332263 1.501977 4.579056 4.768396 1.501977 4.11742 4.768396 1.501977 4.11742 4.768396 1.501977 4.579056 4.768396 2.065844 4.579056 4.768396 2.065844 4.11742 4.768396 2.065844 4.11742 4.768396 2.065844 4.579056 4.768396 2.065844 4.579056 5.332263 2.065844 4.11742 5.332263 1.502384 0.3934202 5.331856 1.502384 0.01532555 5.331856 2.065437 0.01532555 5.331856 2.065437 0.3934202 5.331856 1.556287 0.3934202 4.822706 1.502384 0.3934202 4.768804 1.502384 0.3934202 5.331856 1.556287 0.3934202 5.277954 2.011535 0.3934202 4.822706 2.065437 0.3934202 4.768804 1.502384 0.3934202 4.768804 1.556287 0.3934202 4.822706 2.011535 0.3934202 5.277954 2.065437 0.3934202 5.331856 2.065437 0.3934202 4.768804 2.011535 0.3934202 4.822706 2.065437 0.01532555 5.331856 1.502384 0.01532555 5.331856 1.502384 0.01532555 4.768804 2.065437 0.01532555 4.768804 1.502384 0.3934202 4.768804 1.502384 0.01532555 4.768804 1.502384 0.01532555 5.331856 1.502384 0.3934202 5.331856 2.065437 0.3934202 4.768804 2.065437 0.01532555 4.768804 1.502384 0.01532555 4.768804 1.502384 0.3934202 4.768804 2.065437 0.3934202 5.331856 2.065437 0.01532555 5.331856 2.065437 0.01532555 4.768804 2.065437 0.3934202 4.768804 -2.415441 4.972368 2.874927 -2.415441 4.972368 5.915996 -2.050786 5.180587 5.915995 -2.050786 5.180587 2.874927 -2.785044 4.815523 2.874927 -2.785044 4.815523 5.915996 -2.415441 4.972368 5.915996 -2.415441 4.972368 2.874927 1.800476 5.380803 2.874927 1.800476 5.380804 5.915995 2.051901 5.180586 5.915995 2.051901 5.180586 2.874927 1.378156 5.727059 2.874927 1.378156 5.72706 5.915995 1.620442 5.565325 5.915995 1.620442 5.565325 2.874927 -0.379518 6.019156 2.874927 -0.379518 6.019156 5.915995 0.0005575386 6.039663 5.915995 0.0005575386 6.039663 2.874927 0.7461084 5.95842 2.874927 0.7461084 5.95842 5.915995 1.082929 5.859792 5.915995 1.082929 5.859792 2.874927 -1.081812 5.859792 2.874927 -1.081812 5.859793 5.915995 -0.7449907 5.958421 5.915995 -0.7449907 5.958421 2.874927 0.0005575386 6.039663 2.874927 0.0005575386 6.039663 5.915995 0.3806361 6.019156 5.915995 0.3806361 6.019156 2.874927 -1.619325 5.565326 2.874927 -1.619325 5.565327 5.915995 -1.377039 5.72706 5.915995 -1.377039 5.72706 2.874927 -2.050786 5.180587 2.874927 -2.050786 5.180587 5.915995 -1.799361 5.380805 5.915995 -1.799361 5.380805 2.874927 2.786159 4.815522 5.915996 2.786159 4.487315 5.915996 2.786159 4.487315 2.874927 2.786159 4.815522 2.874927 2.051901 5.180586 2.874927 2.051901 5.180586 5.915995 2.416555 4.972367 5.915996 2.416555 4.972367 2.874927 2.416555 4.972367 2.874927 2.416555 4.972367 5.915996 2.786159 4.815522 5.915996 2.786159 4.815522 2.874927 1.620442 5.565325 2.874927 1.620442 5.565325 5.915995 1.800476 5.380804 5.915995 1.800476 5.380803 2.874927 1.082929 5.859792 2.874927 1.082929 5.859792 5.915995 1.378156 5.72706 5.915995 1.378156 5.727059 2.874927 -0.7449907 5.958421 2.874927 -0.7449907 5.958421 5.915995 -0.379518 6.019156 5.915995 -0.379518 6.019156 2.874927 0.3806361 6.019156 2.874927 0.3806361 6.019156 5.915995 0.7461084 5.95842 5.915995 0.7461084 5.95842 2.874927 -1.377039 5.72706 2.874927 -1.377039 5.72706 5.915995 -1.081812 5.859793 5.915995 -1.081812 5.859792 2.874927 -1.799361 5.380805 2.874927 -1.799361 5.380805 5.915995 -1.619325 5.565327 5.915995 -1.619325 5.565326 2.874927 2.786159 4.487315 2.874927 2.786159 4.487315 5.915996 -2.785044 4.487316 5.915996 -2.785044 4.487316 2.874927 -2.785044 4.815523 2.874927 -2.785044 4.487316 2.874927 -2.785044 4.487316 5.915996 -2.785044 4.815523 5.915996 -2.785044 4.815523 5.915996 -2.785044 4.487316 5.915996 2.786159 4.487315 5.915996 2.786159 4.815522 5.915996 2.786159 4.815522 2.874927 2.786159 4.487315 2.874927 -2.785044 4.487316 2.874927 -2.785044 4.815523 2.874927 6.725054 0.5300007 4.027603 6.725054 4.768372E-07 4.027603 6.725054 4.768372E-07 3.055501 6.725054 0.5300007 3.055501 6.725054 0.5300007 3.055501 6.725054 4.768372E-07 3.055501 1.693354 4.768372E-07 3.055501 1.693354 0.5300007 3.055501 1.693354 0.5300007 3.055501 1.693354 4.768372E-07 3.055501 1.693354 4.768372E-07 4.027603 1.693354 0.5300007 4.027603 1.693354 0.5300007 4.027603 1.693354 4.768372E-07 4.027603 6.725054 4.768372E-07 4.027603 6.725054 0.5300007 4.027603 6.725054 4.768372E-07 4.027603 1.693354 4.768372E-07 4.027603 1.693354 4.768372E-07 3.055501 6.725054 4.768372E-07 3.055501 1.693354 0.5300007 4.027603 6.725054 0.5300007 4.027603 6.725054 0.5300007 3.055501 1.693354 0.5300007 3.055501 -1.682028 0.5300007 4.027603 -1.682028 4.768372E-07 4.027603 -1.682028 4.768372E-07 3.055501 -1.682028 0.5300007 3.055501 -1.682028 0.5300007 3.055501 -1.682028 4.768372E-07 3.055501 -6.722886 4.768372E-07 3.055501 -6.722886 0.5300007 3.055501 -6.722886 0.5300007 3.055501 -6.722886 4.768372E-07 3.055501 -6.722886 4.768372E-07 4.027603 -6.722886 0.5300007 4.027603 -6.722886 0.5300007 4.027603 -6.722886 4.768372E-07 4.027603 -1.682028 4.768372E-07 4.027603 -1.682028 0.5300007 4.027603 -1.682028 4.768372E-07 4.027603 -6.722886 4.768372E-07 4.027603 -6.722886 4.768372E-07 3.055501 -1.682028 4.768372E-07 3.055501 -6.722886 0.5300007 4.027603 -1.682028 0.5300007 4.027603 -1.682028 0.5300007 3.055501 -6.722886 0.5300007 3.055501 1.500557 3.5 3.089374 1.500557 4.768372E-07 3.089375 1.500557 4.768372E-07 2.885715 1.500557 3.5 2.885715 1.500557 3.5 2.885715 1.500557 4.768372E-07 2.885715 -1.499442 4.768372E-07 2.885715 -1.499442 3.5 2.885715 -1.499442 3.5 2.885715 -1.499442 4.768372E-07 2.885715 -1.499442 4.768372E-07 3.089375 -1.499442 3.5 3.089375 -1.499442 3.5 3.089375 -1.499442 4.768372E-07 3.089375 1.500557 4.768372E-07 3.089375 1.500557 3.5 3.089374 1.500557 4.768372E-07 3.089375 -1.499442 4.768372E-07 3.089375 -1.499442 4.768372E-07 2.885715 1.500557 4.768372E-07 2.885715 -1.499442 3.5 3.089375 1.500557 3.5 3.089374 1.500557 3.5 2.885715 -1.499442 3.5 2.885715 5.921024 3.410711 2.953458 5.921024 1.221395 2.953458 5.921024 1.221395 2.580287 5.921024 3.410711 2.580287 5.921024 3.410711 2.580287 5.921024 1.221395 2.580287 3.049318 1.221395 2.580287 3.049318 3.410711 2.580287 3.049318 3.410711 2.580287 3.049318 1.221395 2.580287 3.049318 1.221395 2.953458 3.049318 3.410711 2.953458 3.049318 3.410711 2.953458 3.049318 1.221395 2.953458 5.921024 1.221395 2.953458 5.921024 3.410711 2.953458 5.921024 1.221395 2.953458 3.049318 1.221395 2.953458 3.049318 1.221395 2.580287 5.921024 1.221395 2.580287 3.049318 3.410711 2.953458 5.921024 3.410711 2.953458 5.921024 3.410711 2.580287 3.049318 3.410711 2.580287 -3.05815 3.410711 2.953459 -3.05815 1.221395 2.953459 -3.05815 1.221395 2.580288 -3.05815 3.410711 2.580288 -3.05815 3.410711 2.580288 -3.05815 1.221395 2.580288 -5.929855 1.221395 2.580288 -5.929855 3.410711 2.580288 -5.929855 3.410711 2.580288 -5.929855 1.221395 2.580288 -5.929855 1.221395 2.953459 -5.929855 3.410711 2.953459 -5.929855 3.410711 2.953459 -5.929855 1.221395 2.953459 -3.05815 1.221395 2.953459 -3.05815 3.410711 2.953459 -3.05815 1.221395 2.953459 -5.929855 1.221395 2.953459 -5.929855 1.221395 2.580288 -3.05815 1.221395 2.580288 -5.929855 3.410711 2.953459 -3.05815 3.410711 2.953459 -3.05815 3.410711 2.580288 -5.929855 3.410711 2.580288 5.918213 3.954364 4.535327 5.918213 3.538791 4.535327 5.918213 3.538791 2.823819 5.918213 4.929634 2.823818 5.918213 4.929634 2.823818 5.918213 3.538791 2.823819 3.042568 3.538791 2.823819 3.042568 4.929634 2.823818 3.042568 4.929634 2.823818 3.042568 3.538791 2.823819 3.042568 3.538791 4.535327 3.042568 3.954364 4.535327 3.042568 3.954364 4.535327 3.042568 3.538791 4.535327 5.918213 3.538791 4.535327 5.918213 3.954364 4.535327 5.918213 3.538791 4.535327 3.042568 3.538791 4.535327 3.042568 3.538791 2.823819 5.918213 3.538791 2.823819 3.042568 3.954364 4.535327 5.918213 3.954364 4.535327 5.918213 4.929634 2.823818 3.042568 4.929634 2.823818 -3.060961 3.954363 4.535326 -3.060961 3.53879 4.535326 -3.060961 3.53879 2.823818 -3.060961 4.929633 2.823818 -3.060961 4.929633 2.823818 -3.060961 3.53879 2.823818 -5.936605 3.53879 2.823818 -5.936605 4.929633 2.823818 -5.936605 4.929633 2.823818 -5.936605 3.53879 2.823818 -5.936605 3.53879 4.535326 -5.936605 3.954363 4.535326 -5.936605 3.954363 4.535326 -5.936605 3.53879 4.535326 -3.060961 3.53879 4.535326 -3.060961 3.954363 4.535326 -3.060961 3.53879 4.535326 -5.936605 3.53879 4.535326 -5.936605 3.53879 2.823818 -3.060961 3.53879 2.823818 -5.936605 3.954363 4.535326 -3.060961 3.954363 4.535326 -3.060961 4.929633 2.823818 -5.936605 4.929633 2.823818 -6.726669 0 -5.289492 6.727783 0 -5.289494 6.727786 4.768372E-07 3.086185 -6.726669 4.768372E-07 3.086186 -6.726673 0.5340004 -5.28949 -6.726665 0.5340009 3.086189 6.727787 0.5340009 3.086185 6.727784 0.5340004 -5.289492 -6.726669 0 -5.289492 -6.726669 4.768372E-07 3.086186 -6.726665 0.5340009 3.086189 -6.726673 0.5340004 -5.28949 -6.726669 4.768372E-07 3.086186 6.727786 4.768372E-07 3.086185 6.727787 0.5340009 3.086185 -6.726665 0.5340009 3.086189 6.727786 4.768372E-07 3.086185 6.727783 0 -5.289494 6.727784 0.5340004 -5.289492 6.727787 0.5340009 3.086185 -6.726673 0.5340004 -5.28949 6.727784 0.5340004 -5.289492 6.727783 0 -5.289494 -6.726669 0 -5.289492 -6.499442 0 -5.101654 6.500556 0 -5.101655 6.500559 4.768372E-07 2.898347 -6.499442 4.768372E-07 2.898347 6.500557 6.397579 -5.101654 6.795431 6.397579 -5.359152 6.795434 6.39758 3.155844 6.50056 6.39758 2.898346 -6.499442 0 -5.101654 -6.499442 4.768372E-07 2.898347 -6.499438 6.39758 2.898349 -6.499445 6.397579 -5.101652 -6.499442 4.768372E-07 2.898347 6.500559 4.768372E-07 2.898347 6.50056 6.39758 2.898346 -6.499438 6.39758 2.898349 6.500559 4.768372E-07 2.898347 6.500556 0 -5.101655 6.500557 6.397579 -5.101654 6.50056 6.39758 2.898346 -6.499445 6.397579 -5.101652 6.500557 6.397579 -5.101654 6.500556 0 -5.101655 -6.499442 0 -5.101654 6.795431 6.397579 -5.359152 6.795431 6.886657 -5.359152 6.795434 6.886657 3.155844 6.795434 6.39758 3.155844 6.50056 6.39758 2.898346 6.795434 6.39758 3.155844 -6.794312 6.39758 3.155848 -6.499438 6.39758 2.898349 -6.499445 6.397579 -5.101652 -6.794319 6.397579 -5.359149 6.795431 6.397579 -5.359152 6.500557 6.397579 -5.101654 -6.499438 6.39758 2.898349 -6.794312 6.39758 3.155848 -6.794319 6.397579 -5.359149 -6.499445 6.397579 -5.101652 6.795431 6.886657 -5.359152 6.147459 6.886657 -4.78909 6.147463 6.886657 2.585782 6.795434 6.886657 3.155844 6.795434 6.39758 3.155844 6.795434 6.886657 3.155844 -6.794312 6.886657 3.155848 -6.794312 6.39758 3.155848 -6.794319 6.397579 -5.359149 -6.794319 6.886657 -5.359149 6.795431 6.886657 -5.359152 6.795431 6.397579 -5.359152 -6.794312 6.39758 3.155848 -6.794312 6.886657 3.155848 -6.794319 6.886657 -5.359149 -6.794319 6.397579 -5.359149 6.147459 6.886657 -4.78909 6.147459 6.523812 -4.78909 6.147463 6.523812 2.585782 6.147463 6.886657 2.585782 6.795434 6.886657 3.155844 6.147463 6.886657 2.585782 -6.14634 6.886657 2.585785 -6.794312 6.886657 3.155848 -6.794319 6.886657 -5.359149 -6.146347 6.886657 -4.789088 6.147459 6.886657 -4.78909 6.795431 6.886657 -5.359152 -6.794312 6.886657 3.155848 -6.14634 6.886657 2.585785 -6.146347 6.886657 -4.789088 -6.794319 6.886657 -5.359149 -6.146347 6.523812 -4.789088 -6.14634 6.523812 2.585785 6.147463 6.523812 2.585782 6.147459 6.523812 -4.78909 6.147463 6.886657 2.585782 6.147463 6.523812 2.585782 -6.14634 6.523812 2.585785 -6.14634 6.886657 2.585785 -6.146347 6.886657 -4.789088 -6.146347 6.523812 -4.789088 6.147459 6.523812 -4.78909 6.147459 6.886657 -4.78909 -6.14634 6.886657 2.585785 -6.14634 6.523812 2.585785 -6.146347 6.523812 -4.789088 -6.146347 6.886657 -4.789088 6.612682 0.9607596 3.935022 6.612682 0.5389562 3.935022 6.612682 0.5389562 2.995607 6.612682 0.9607596 2.995607 6.612682 0.9607596 2.995607 6.612682 0.5389562 2.995607 2.615432 0.5389562 2.995607 2.615432 0.9607596 2.995607 2.615432 0.9607596 2.995607 2.615432 0.5389562 2.995607 2.615432 0.5389562 3.935022 2.615432 0.9607596 3.935022 2.615432 0.9607596 3.935022 2.615432 0.5389562 3.935022 6.612682 0.5389562 3.935022 6.612682 0.9607596 3.935022 6.612682 0.5389562 3.935022 2.615432 0.5389562 3.935022 2.615432 0.5389562 2.995607 6.612682 0.5389562 2.995607 2.615432 0.9607596 3.935022 6.612682 0.9607596 3.935022 6.612682 0.9607596 2.995607 2.615432 0.9607596 2.995607 -2.609218 0.9607596 3.935021 -2.609218 0.5389562 3.935021 -2.609218 0.5389562 2.995606 -2.609218 0.9607596 2.995606 -2.609218 0.9607596 2.995606 -2.609218 0.5389562 2.995606 -6.606468 0.5389562 2.995606 -6.606468 0.9607596 2.995606 -6.606468 0.9607596 2.995606 -6.606468 0.5389562 2.995606 -6.606468 0.5389562 3.935021 -6.606468 0.9607596 3.935021 -6.606468 0.9607596 3.935021 -6.606468 0.5389562 3.935021 -2.609218 0.5389562 3.935021 -2.609218 0.9607596 3.935021 -2.609218 0.5389562 3.935021 -6.606468 0.5389562 3.935021 -6.606468 0.5389562 2.995606 -2.609218 0.5389562 2.995606 -6.606468 0.9607596 3.935021 -2.609218 0.9607596 3.935021 -2.609218 0.9607596 2.995606 -6.606468 0.9607596 2.995606  
					<Colors>: 0  
					<TextureCoords0>: 720 0.05416061 0.3608135 0.05837579 0.3153141 0.07728536 0.3375758 0.05416061 0.3608135 0.07728536 0.3375758 0.07886089 0.3406751 0.0819106 0.3379934 0.08002381 0.3358537 0.1013057 0.3152993 0.0819106 0.3379934 0.1013057 0.3152993 0.1041511 0.3607962 0.7399043 0.5862794 0.742593 0.5872024 0.7454357 0.5872024 0.7440144 0.5700493 0.7361062 0.5821536 0.737661 0.5845335 0.7387103 0.5718701 0.7354084 0.5793979 0.7367851 0.5739616 0.7356431 0.5765649 0.7412105 0.5705172 0.7361062 0.5821536 0.7440144 0.5700493 0.7468183 0.5705172 0.737661 0.5845335 0.7493184 0.5718701 0.7399043 0.5862794 0.7512437 0.5739616 0.7523856 0.5765649 0.7526203 0.5793979 0.7519225 0.5821536 0.7503676 0.5845335 0.7481244 0.5862794 0.7454357 0.5872024 0.742593 0.5872024 0.7454357 0.5872024 0.7481244 0.5862794 0.7503676 0.5845335 0.7519225 0.5821536 0.7440144 0.5700493 0.7526203 0.5793979 0.7493184 0.5718701 0.7512437 0.5739616 0.7523856 0.5765649 0.7519225 0.5821536 0.7468183 0.5705172 0.7440144 0.5700493 0.7503676 0.5845335 0.7412105 0.5705172 0.7387103 0.5718701 0.7481244 0.5862794 0.7367851 0.5739616 0.7356431 0.5765649 0.7354084 0.5793979 0.7361062 0.5821536 0.737661 0.5845335 0.7399043 0.5862794 0.742593 0.5872024 0 1 0 1 0 1 0 1 0 1 0 1 0 1 0 1 0 1 0 1 0 1 0 1 0 1 0 1 0 1 0 1 0 1 0 1 0 1 0 1 0 1 0 1 0 1 0 1 0 1 0 1 0 1 0 1 0 1 0 1 0 1 0 1 0 1 0 1 0 1 0 1 0 1 0 1 0 1 0 1 0 1 0 1 0 1 0 1 0 1 0 1 0 1 0 1 0.07886089 0.3406751 0.07728536 0.3375758 0.08002381 0.3358537 0.0819106 0.3379934 0.758701 0.272142 0.758701 0.4000579 0.2500571 0.4000579 0.2500571 0.272142 0.05837579 0.3153141 0.1013057 0.3152993 0.08002381 0.3358537 0.07728536 0.3375758 0.1041511 0.3607962 0.05416061 0.3608135 0.07886089 0.3406751 0.0819106 0.3379934 0.3912894 0.121949 0.3912894 0.07194901 0.4412894 0.07194901 0.4412894 0.121949 0.3912894 0.121949 0.3912894 0.07194901 0.4412894 0.07194901 0.4412894 0.121949 0.3912894 0.121949 0.3912894 0.07194901 0.4412894 0.07194901 0.4412894 0.121949 0.3912894 0.121949 0.3912894 0.07194901 0.4412894 0.07194901 0.4412894 0.121949 0.2579725 0.9094486 0.2579725 0.8594487 0.3079725 0.8594487 0.3079725 0.9094486 0.2579725 0.9094486 0.2579725 0.8594487 0.3079725 0.8594487 0.3079725 0.9094486 0.2579725 0.9094486 0.2579725 0.8594487 0.3079725 0.8594487 0.3079725 0.9094486 0.2579725 0.9094486 0.2579725 0.8594487 0.3079725 0.8594487 0.3079725 0.9094486 0.2579725 0.9094486 0.2579725 0.8594487 0.3079725 0.8594487 0.3079725 0.9094486 0.2579725 0.9094486 0.2579725 0.8594487 0.3079725 0.8594487 0.3079725 0.9094486 0.2579725 0.9094486 0.2579725 0.8594487 0.3079725 0.8594487 0.3079725 0.9094486 0.2579725 0.9094486 0.2579725 0.8594487 0.3079725 0.8594487 0.3079725 0.9094486 0.2579725 0.9094486 0.2579725 0.8594487 0.3079725 0.8594487 0.3079725 0.9094486 0.2579725 0.9094486 0.2579725 0.8594487 0.3079725 0.8594487 0.3079725 0.9094486 0.2579725 0.9094486 0.2579725 0.8594487 0.3079725 0.8594487 0.3079725 0.9094486 0.2579725 0.9094486 0.2579725 0.8594487 0.3079725 0.8594487 0.3079725 0.9094486 0.2579725 0.9094486 0.2579725 0.8594487 0.3079725 0.8594487 0.3079725 0.9094486 0.2579725 0.9094486 0.2579725 0.8594487 0.3079725 0.8594487 0.3079725 0.9094486 0.2579725 0.9094486 0.2579725 0.8594487 0.3079725 0.8594487 0.3079725 0.9094486 0.2579725 0.9094486 0.2579725 0.8594487 0.3079725 0.8594487 0.3079725 0.9094486 0.2579725 0.9094486 0.2579725 0.8594487 0.3079725 0.8594487 0.3079725 0.9094486 0.2579725 0.9094486 0.2579725 0.8594487 0.3079725 0.8594487 0.3079725 0.9094486 0.3912894 0.121949 0.3912894 0.07194901 0.4412894 0.07194901 0.4412894 0.121949 0.3912894 0.121949 0.3912894 0.07194901 0.4412894 0.07194901 0.4412894 0.121949 0.3912894 0.121949 0.3912894 0.07194901 0.4412894 0.07194901 0.4412894 0.121949 0.3912894 0.121949 0.3912894 0.07194901 0.4412894 0.07194901 0.4412894 0.121949 0.2579725 0.9094486 0.2579725 0.8594487 0.3079725 0.8594487 0.3079725 0.9094486 0.2579725 0.9094486 0.2579725 0.8594487 0.3079725 0.8594487 0.3079725 0.9094486 0.2579725 0.9094486 0.2579725 0.8594487 0.3079725 0.8594487 0.3079725 0.9094486 0.2579725 0.9094486 0.2579725 0.8594487 0.3079725 0.8594487 0.3079725 0.9094486 0.2579725 0.9094486 0.2579725 0.8594487 0.3079725 0.8594487 0.3079725 0.9094486 0.2579725 0.9094486 0.2579725 0.8594487 0.3079725 0.8594487 0.3079725 0.9094486 0.2579725 0.9094486 0.2579725 0.8594487 0.3079725 0.8594487 0.3079725 0.9094486 0.2579725 0.9094486 0.2579725 0.8594487 0.3079725 0.8594487 0.3079725 0.9094486 0.2579725 0.9094486 0.2579725 0.8594487 0.3079725 0.8594487 0.3079725 0.9094486 0.2579725 0.9094486 0.2579725 0.8594487 0.3079725 0.8594487 0.3079725 0.9094486 0.2579725 0.9094486 0.2579725 0.8594487 0.3079725 0.8594487 0.3079725 0.9094486 0.2579725 0.9094486 0.2579725 0.8594487 0.3079725 0.8594487 0.3079725 0.9094486 0.2579725 0.9094486 0.2579725 0.8594487 0.3079725 0.8594487 0.3079725 0.9094486 0.2579725 0.9094486 0.2579725 0.8594487 0.3079725 0.8594487 0.3079725 0.9094486 0.2579725 0.9094486 0.2579725 0.8594487 0.3079725 0.8594487 0.3079725 0.9094486 0.2579725 0.9094486 0.2579725 0.8594487 0.3079725 0.8594487 0.3079725 0.9094486 0.2579725 0.9094486 0.2579725 0.8594487 0.3079725 0.8594487 0.3079725 0.9094486 0.2579725 0.9094486 0.2579725 0.8594487 0.3079725 0.8594487 0.3079725 0.9094486 0.7353789 0.5873202 0.7353789 0.5700493 0.7526498 0.5700493 0.7526498 0.5873202 0.7353789 0.5873202 0.7353789 0.5700493 0.7526498 0.5700493 0.7526498 0.5873202 0.7353789 0.5873202 0.7353789 0.5700493 0.7526498 0.5700493 0.7526498 0.5873202 0.7353789 0.5873202 0.7353789 0.5700493 0.7526498 0.5700493 0.7526498 0.5873202 0.7353789 0.5873202 0.7353789 0.5700493 0.7526498 0.5700493 0.7526498 0.5873202 0.7353789 0.5873202 0.7353789 0.5700493 0.7526498 0.5700493 0.7526498 0.5873202 0.7353789 0.5873202 0.7353789 0.5700493 0.7526498 0.5700493 0.7526498 0.5873202 0.7353789 0.5873202 0.7353789 0.5700493 0.7526498 0.5700493 0.7526498 0.5873202 0.7353789 0.5873202 0.7353789 0.5700493 0.7526498 0.5700493 0.7526498 0.5873202 0.7353789 0.5873202 0.7353789 0.5700493 0.7526498 0.5700493 0.7526498 0.5873202 0.7353789 0.5873202 0.7353789 0.5700493 0.7526498 0.5700493 0.7526498 0.5873202 0.7353789 0.5873202 0.7353789 0.5700493 0.7526498 0.5700493 0.7526498 0.5873202 0.7353789 0.5873202 0.7353789 0.5700493 0.7526498 0.5700493 0.7526498 0.5873202 0.7353789 0.5873202 0.7353789 0.5700493 0.7526498 0.5700493 0.7526498 0.5873202 0.7353789 0.5873202 0.7353789 0.5700493 0.7526498 0.5700493 0.7526498 0.5873202 0.7353789 0.5873202 0.7353789 0.5700493 0.7526498 0.5700493 0.7526498 0.5873202 0.7353789 0.5873202 0.7353789 0.5700493 0.7526498 0.5700493 0.7526498 0.5873202 0.7353789 0.5873202 0.7353789 0.5700493 0.7526498 0.5700493 0.7526498 0.5873202 0.7353789 0.5873202 0.7353789 0.5700493 0.7526498 0.5700493 0.7526498 0.5873202 0.7353789 0.5873202 0.7353789 0.5700493 0.7526498 0.5700493 0.7526498 0.5873202 0.7353789 0.5873202 0.7353789 0.5700493 0.7526498 0.5700493 0.7526498 0.5873202 0.7353789 0.5873202 0.7353789 0.5700493 0.7526498 0.5700493 0.7526498 0.5873202 0.7353789 0.5873202 0.7353789 0.5700493 0.7526498 0.5700493 0.7526498 0.5873202 0.3106792 0.121949 0.3106792 0.07194901 0.3606792 0.07194901 0.3606792 0.121949 0.3106792 0.121949 0.3106792 0.07194901 0.3606792 0.07194901 0.3606792 0.121949 0.3106792 0.121949 0.3106792 0.07194901 0.3606792 0.07194901 0.3606792 0.121949 0.3106792 0.121949 0.3106792 0.07194901 0.3606792 0.07194901 0.3606792 0.121949 0.3106792 0.121949 0.3106792 0.07194901 0.3606792 0.07194901 0.3606792 0.121949 0.3106792 0.121949 0.3106792 0.07194901 0.3606792 0.07194901 0.3606792 0.121949 0.3106792 0.121949 0.3106792 0.07194901 0.3606792 0.07194901 0.3606792 0.121949 0.3106792 0.121949 0.3106792 0.07194901 0.3606792 0.07194901 0.3606792 0.121949 0.3106792 0.121949 0.3106792 0.07194901 0.3606792 0.07194901 0.3606792 0.121949 0.3106792 0.121949 0.3106792 0.07194901 0.3606792 0.07194901 0.3606792 0.121949 0.3106792 0.121949 0.3106792 0.07194901 0.3606792 0.07194901 0.3606792 0.121949 0.3106792 0.121949 0.3106792 0.07194901 0.3606792 0.07194901 0.3606792 0.121949 0 1 0 1 0 1 0 1 0 1 0 1 0 1 0 1 0 1 0 1 0 1 0 1 0.9823014 0.6916471 0.9823014 0.9824868 0.7330103 0.9824868 0.7330103 0.6916471 0 1 0 1 0 1 0 1 0 1 0 1 0 1 0 1 0 1 0 1 0 1 0 1 0 1 0 1 0 1 0 1 0 1 0 1 0 1 0 1 0.7147818 0.787955 0.7147818 0.9859894 0.4554147 0.9859894 0.4554147 0.787955 0 1 0 1 0 1 0 1 0 1 0 1 0 1 0 1 0 1 0 1 0 1 0 1 0 1 0 1 0 1 0 1 0 1 0 1 0 1 0 1 0.7147716 0.7875813 0.7147716 0.9856156 0.4554045 0.9856156 0.4554045 0.7875812 0 1 0 1 0 1 0 1 0 1 0 1 0 1 0 1 0.7676363 0.5989693 0.7676363 0.5489694 0.8176363 0.5489694 0.8176363 0.5989693 0.7676363 0.5989693 0.7676363 0.5489694 0.8176363 0.5489694 0.8176363 0.5989693 0.7676363 0.5989693 0.7676363 0.5489694 0.8176363 0.5489694 0.8176363 0.5989693 0.7676363 0.5989693 0.7676363 0.5489694 0.8176363 0.5489694 0.8176363 0.5989693 0.7676363 0.5989693 0.7676363 0.5489694 0.8176363 0.5489694 0.8176363 0.5989693 0.7676363 0.5989693 0.7676363 0.5489694 0.8176363 0.5489694 0.8176363 0.5989693 0.7676363 0.5989693 0.7676363 0.5489694 0.8176363 0.5489694 0.8176363 0.5989693 0.7676363 0.5989693 0.7676363 0.5489694 0.8176363 0.5489694 0.8176363 0.5989693 0.7676363 0.5989693 0.7676363 0.5489694 0.8176363 0.5489694 0.8176363 0.5989693 0.7676363 0.5989693 0.7676363 0.5489694 0.8176363 0.5489694 0.8176363 0.5989693 0.7676363 0.5989693 0.7676363 0.5489694 0.8176363 0.5489694 0.8176363 0.5989693 0.7676363 0.5989693 0.7676363 0.5489694 0.8176363 0.5489694 0.8176363 0.5989693 0.3539062 0.1128906 0.3539062 0.06289065 0.4039062 0.06289065 0.4039062 0.1128906 0.3539062 0.1128906 0.3539062 0.06289065 0.4039062 0.06289065 0.4039062 0.1128906 0.3539062 0.1128906 0.3539062 0.06289065 0.4039062 0.06289065 0.4039062 0.1128906 0.3539062 0.1128906 0.3539062 0.06289065 0.4039062 0.06289065 0.4039062 0.1128906 0.3539062 0.1128906 0.3539062 0.06289065 0.4039062 0.06289065 0.4039062 0.1128906 0.3539062 0.1128906 0.3539062 0.06289065 0.4039062 0.06289065 0.4039062 0.1128906 0.146875 0.6890625 0.146875 0.6390625 0.196875 0.6390625 0.196875 0.6890625 0.1495109 0.1202387 0.1495109 0.07023871 0.1995109 0.07023871 0.1995109 0.1202387 0.146875 0.6890625 0.146875 0.6390625 0.196875 0.6390625 0.196875 0.6890625 0.146875 0.6890625 0.146875 0.6390625 0.196875 0.6390625 0.196875 0.6890625 0.146875 0.6890625 0.146875 0.6390625 0.196875 0.6390625 0.196875 0.6890625 0.146875 0.6890625 0.146875 0.6390625 0.196875 0.6390625 0.196875 0.6890625 0.1495109 0.1202387 0.1495109 0.07023871 0.1995109 0.07023871 0.1995109 0.1202387 0.1495109 0.1202387 0.1495109 0.07023871 0.1995109 0.07023871 0.1995109 0.1202387 0.1495109 0.1202387 0.1495109 0.07023871 0.1995109 0.07023871 0.1995109 0.1202387 0.1495109 0.1202387 0.1495109 0.07023871 0.1995109 0.07023871 0.1995109 0.1202387 0.1495109 0.1202387 0.1495109 0.07023871 0.1995109 0.07023871 0.1995109 0.1202387 0.1495109 0.1202387 0.1495109 0.07023871 0.1995109 0.07023871 0.1995109 0.1202387 0.1495109 0.1202387 0.1495109 0.07023871 0.1995109 0.07023871 0.1995109 0.1202387 0.1495109 0.1202387 0.1495109 0.07023871 0.1995109 0.07023871 0.1995109 0.1202387 0.1495109 0.1202387 0.1495109 0.07023871 0.1995109 0.07023871 0.1995109 0.1202387 0.1495109 0.1202387 0.1495109 0.07023871 0.1995109 0.07023871 0.1995109 0.1202387 0.1495109 0.1202387 0.1495109 0.07023871 0.1995109 0.07023871 0.1995109 0.1202387 0.1495109 0.1202387 0.1495109 0.07023871 0.1995109 0.07023871 0.1995109 0.1202387 0.3435964 0.9163477 0.3435964 0.8663478 0.3935964 0.8663478 0.3935964 0.9163477 0.1495109 0.1202387 0.1495109 0.07023871 0.1995109 0.07023871 0.1995109 0.1202387 0.1495109 0.1202387 0.1495109 0.07023871 0.1995109 0.07023871 0.1995109 0.1202387 0.1495109 0.1202387 0.1495109 0.07023871 0.1995109 0.07023871 0.1995109 0.1202387 0.2380665 0.8828489 0.2380665 0.8705465 0.2503688 0.8705465 0.2503688 0.8828489 0.2380665 0.8828489 0.2380665 0.8705465 0.2503688 0.8705465 0.2503688 0.8828489 0.2380665 0.8828489 0.2380665 0.8705465 0.2503688 0.8705465 0.2503688 0.8828489 0.2380665 0.8828489 0.2380665 0.8705465 0.2503688 0.8705465 0.2503688 0.8828489 0.2380665 0.8828489 0.2380665 0.8705465 0.2503688 0.8705465 0.2503688 0.8828489 0.2333066 0.9473842 0.2333066 0.9328116 0.2478792 0.9328116 0.2478792 0.9473842 0.2380665 0.8828489 0.2380665 0.8705465 0.2503688 0.8705465 0.2503688 0.8828489 0.2380665 0.8828489 0.2380665 0.8705465 0.2503688 0.8705465 0.2503688 0.8828489 0.2380665 0.8828489 0.2380665 0.8705465 0.2503688 0.8705465 0.2503688 0.8828489 0.2380665 0.8828489 0.2380665 0.8705465 0.2503688 0.8705465 0.2503688 0.8828489 0.2380665 0.8828489 0.2380665 0.8705465 0.2503688 0.8705465 0.2503688 0.8828489 0.2333066 0.9473842 0.2333066 0.9328116 0.2478792 0.9328116 0.2478792 0.9473842  
					<TextureCoords1>: 0  
					<Normals>: 720 1 0 0 1 0 0 1 0 0 1 0 0 1 0 0 1 0 0 -1 0 0 -1 0 0 -1 0 0 -1 0 0 -1 0 0 -1 0 0 0 0 -1 0 0 -1 0 0 -1 0 0 -1 0 0 -1 0 0 -1 0 0 -1 0 0 -1 0 0 -1 0 0 -1 0 0 -1 0 0 -1 0 0 -1 0 0 -1 0 0 -1 0 0 -1 0 0 -1 0 0 -1 0 0 -1 0 0 -1 0 0 -1 0 0 -1 0 0 -1 0 0 -1 0 0 1 0 0 1 0 0 1 0 0 1 0 0 1 0 0 1 0 0 1 0 0 1 0 0 1 0 0 1 0 0 1 0 0 1 0 0 1 0 0 1 0 0 1 0 0 1 0 0 1 0 0 1 0 0 1 0 0 1 0 0 1 0 0 1 0 0 1 0 0 1 1 0 0 1 0 0 1 0 0 1 0 0 0 0 -1 0 0 -1 0 0 -1 0 0 -1 -1 0 0 -1 0 0 -1 0 0 -1 0 0 0 0 1 0 0 1 0 0 1 0 0 1 0 -1 0 0 -1 0 0 -1 0 0 -1 0 0 1 0 0 1 0 0 1 0 0 1 0 1 0 0 1 0 0 1 0 0 1 0 0 0 0 -1 0 0 -1 0 0 -1 0 0 -1 -1 0 0 -1 0 0 -1 0 0 -1 0 0 0 0 1 0 0 1 0 0 1 0 0 1 0 -1 0 0 -1 0 0 -1 0 0 -1 0 0 1 0 0 1 0 0 1 0 0 1 0 0 0 -1 0 0 -1 0 0 -1 0 0 -1 0 0 1 0 0 1 0 0 1 0 0 1 0 -1 0 0 -1 0 0 -1 0 0 -1 0 0 1 0 0 1 0 0 1 0 0 1 0 1 0 0 1 0 0 1 0 0 1 0 0 0 0 -1 0 0 -1 0 0 -1 0 0 -1 -1 0 0 -1 0 0 -1 0 0 -1 0 0 0 0 1 0 0 1 0 0 1 0 0 1 0 1 0 0 1 0 0 1 0 0 1 0 0 -1 0 0 -1 0 0 -1 0 0 -1 0 0 0 1 0 0 1 0 0 1 0 0 1 0 -1 0 0 -1 0 0 -1 0 0 -1 0 0 -1 0 0 -1 0 0 -1 0 0 -1 0 0 -1 0 0 -1 0 0 -1 0 0 -1 0 0 1 0 0 1 0 0 1 0 0 1 0 -1 0 0 -1 0 0 -1 0 0 -1 0 0 0 0 -1 0 0 -1 0 0 -1 0 0 -1 1 0 0 1 0 0 1 0 0 1 0 0 0 0 1 0 0 1 0 0 1 0 0 1 0 1 0 0 1 0 0 1 0 0 1 0 0 1 0 0 1 0 0 1 0 0 1 0 0 1 0 0 1 0 0 1 0 0 1 0 0 -1 0 0 -1 0 0 -1 0 0 -1 0 -1 0 0 -1 0 0 -1 0 0 -1 0 0 0 0 -1 0 0 -1 0 0 -1 0 0 -1 1 0 0 1 0 0 1 0 0 1 0 0 1 0 0 1 0 0 1 0 0 1 0 0 0 0 -1 0 0 -1 0 0 -1 0 0 -1 -1 0 0 -1 0 0 -1 0 0 -1 0 0 0 0 1 0 0 1 0 0 1 0 0 1 0 1 0 0 1 0 0 1 0 0 1 0 0 -1 0 0 -1 0 0 -1 0 0 -1 0 0 0 1 0 0 1 0 0 1 0 0 1 0 -1 0 0 -1 0 0 -1 0 0 -1 0 0 -1 0 0 -1 0 0 -1 0 0 -1 0 0 -1 0 0 -1 0 0 -1 0 0 -1 0 0 1 0 0 1 0 0 1 0 0 1 0 -1 0 0 -1 0 0 -1 0 0 -1 0 0 0 0 -1 0 0 -1 0 0 -1 0 0 -1 1 0 0 1 0 0 1 0 0 1 0 0 0 0 1 0 0 1 0 0 1 0 0 1 0 1 0 0 1 0 0 1 0 0 1 0 0 1 0 0 1 0 0 1 0 0 1 0 0 1 0 0 1 0 0 1 0 0 1 0 0 -1 0 0 -1 0 0 -1 0 0 -1 0 -1 0 0 -1 0 0 -1 0 0 -1 0 0 0 0 -1 0 0 -1 0 0 -1 0 0 -1 1 0 0 1 0 0 1 0 0 1 0 0 -0.4958601 0.8684024 0 -0.4958601 0.8684024 0 -0.4958601 0.8684024 0 -0.4958601 0.8684024 0 -0.3906417 0.9205428 0 -0.3906417 0.9205428 0 -0.3906417 0.9205428 0 -0.3906417 0.9205428 0 0.6229428 0.7822675 0 0.6229428 0.7822675 0 0.6229428 0.7822675 0 0.6229428 0.7822675 0 0.5552005 0.8317166 0 0.5552005 0.8317166 0 0.5552005 0.8317166 0 0.5552005 0.8317166 0 -0.05387757 0.9985475 0 -0.05387757 0.9985475 0 -0.05387757 0.9985475 0 -0.05387757 0.9985475 0 0.2810214 0.9597015 0 0.2810214 0.9597015 0 0.2810214 0.9597015 0 0.2810214 0.9597015 0 -0.2810203 0.9597017 0 -0.2810203 0.9597017 0 -0.2810203 0.9597017 0 -0.2810203 0.9597017 0 0.05387841 0.9985475 0 0.05387841 0.9985475 0 0.05387841 0.9985475 0 0.05387841 0.9985475 0 -0.5551986 0.8317178 0 -0.5551986 0.8317178 0 -0.5551986 0.8317178 0 -0.5551986 0.8317178 0 -0.6229434 0.782267 0 -0.6229434 0.782267 0 -0.6229434 0.782267 0 -0.6229434 0.782267 0 1 0 0 1 0 0 1 0 0 1 0 0 0.4958611 0.8684018 0 0.4958611 0.8684018 0 0.4958611 0.8684018 0 0.4958611 0.8684018 0 0.3906419 0.9205428 0 0.3906419 0.9205428 0 0.3906419 0.9205428 0 0.3906419 0.9205428 0 0.715756 0.6983504 0 0.715756 0.6983504 0 0.715756 0.6983504 0 0.715756 0.6983504 0 0.4100573 0.9120598 0 0.4100573 0.9120598 0 0.4100573 0.9120598 0 0.4100573 0.9120598 0 -0.1639344 0.9864712 0 -0.1639344 0.9864712 0 -0.1639344 0.9864712 0 -0.1639344 0.9864712 0 0.1639346 0.9864712 0 0.1639346 0.9864712 0 0.1639346 0.9864712 0 0.1639346 0.9864712 0 -0.4100566 0.91206 0 -0.4100566 0.91206 0 -0.4100566 0.91206 0 -0.4100566 0.91206 0 -0.7157547 0.6983516 0 -0.7157547 0.6983516 0 -0.7157547 0.6983516 0 -0.7157547 0.6983516 0 0 -1 0 0 -1 0 0 -1 0 0 -1 0 -1 0 0 -1 0 0 -1 0 0 -1 0 0 0 0 1 0 0 1 0 0 1 0 0 1 0 0 -1 0 0 -1 0 0 -1 0 0 -1 1 0 0 1 0 0 1 0 0 1 0 0 0 0 -1 0 0 -1 0 0 -1 0 0 -1 -1 0 0 -1 0 0 -1 0 0 -1 0 0 0 0 1 0 0 1 0 0 1 0 0 1 0 -1 0 0 -1 0 0 -1 0 0 -1 0 0 1 0 0 1 0 0 1 0 0 1 0 1 0 0 1 0 0 1 0 0 1 0 0 0 0 -1 0 0 -1 0 0 -1 0 0 -1 -1 0 0 -1 0 0 -1 0 0 -1 0 0 0 0 1 0 0 1 0 0 1 0 0 1 0 -1 0 0 -1 0 0 -1 0 0 -1 0 0 1 0 0 1 0 0 1 0 0 1 0 1 0 0 1 0 0 1 0 0 1 0 0 0 0 -1 0 0 -1 0 0 -1 0 0 -1 -1 0 0 -1 0 0 -1 0 0 -1 0 0 0 0 1 0 0 1 0 0 1 0 0 1 0 -1 0 0 -1 0 0 -1 0 0 -1 0 0 1 0 0 1 0 0 1 0 0 1 0 1 0 0 1 0 0 1 0 0 1 0 0 0 0 -1 0 0 -1 0 0 -1 0 0 -1 -1 0 0 -1 0 0 -1 0 0 -1 0 0 0 0 1 0 0 1 0 0 1 0 0 1 0 -1 0 0 -1 0 0 -1 0 0 -1 0 0 1 0 0 1 0 0 1 0 0 1 0 1 0 0 1 0 0 1 0 0 1 0 0 0 0 -1 0 0 -1 0 0 -1 0 0 -1 -1 0 0 -1 0 0 -1 0 0 -1 0 0 0 0 1 0 0 1 0 0 1 0 0 1 0 -1 0 0 -1 0 0 -1 0 0 -1 0 0 1 0 0 1 0 0 1 0 0 1 0 1 0 0 1 0 0 1 0 0 1 0 0 0 0 -1 0 0 -1 0 0 -1 0 0 -1 -1 0 0 -1 0 0 -1 0 0 -1 0 0 0 0 1 0 0 1 0 0 1 0 0 1 0 -1 0 0 -1 0 0 -1 0 0 -1 0 0 0.8688406 0.4950919 0 0.8688406 0.4950919 0 0.8688406 0.4950919 0 0.8688406 0.4950919 1 0 0 1 0 0 1 0 0 1 0 0 0 0 -1 0 0 -1 0 0 -1 0 0 -1 -1 0 0 -1 0 0 -1 0 0 -1 0 0 0 0 1 0 0 1 0 0 1 0 0 1 0 -1 0 0 -1 0 0 -1 0 0 -1 0 0 0.8688406 0.495092 0 0.8688406 0.495092 0 0.8688406 0.495092 0 0.8688406 0.495092 0 -1 0 0 -1 0 0 -1 0 0 -1 0 0 1 0 0 1 0 0 1 0 0 1 0 -1 0 0 -1 0 0 -1 0 0 -1 0 0 0 0 1 0 0 1 0 0 1 0 0 1 1 0 0 1 0 0 1 0 0 1 0 0 0 0 -1 0 0 -1 0 0 -1 0 0 -1 0 -1 0 0 -1 0 0 -1 0 0 -1 0 0 -1 0 0 -1 0 0 -1 0 0 -1 0 -1 0 0 -1 0 0 -1 0 0 -1 0 0 0 0 1 0 0 1 0 0 1 0 0 1 1 0 0 1 0 0 1 0 0 1 0 0 0 0 -1 0 0 -1 0 0 -1 0 0 -1 1 0 0 1 0 0 1 0 0 1 0 0 0 -1 0 0 -1 0 0 -1 0 0 -1 0 0 -1 0 0 -1 0 0 -1 0 0 -1 0 0 -1 0 0 -1 0 0 -1 0 0 -1 0 0 1 0 0 1 0 0 1 0 0 1 0 0 0 1 0 0 1 0 0 1 0 0 1 0 0 -1 0 0 -1 0 0 -1 0 0 -1 -1 0 0 -1 0 0 -1 0 0 -1 0 0 -1 0 0 -1 0 0 -1 0 0 -1 0 0 0 1 0 0 1 0 0 1 0 0 1 0 0 1 0 0 1 0 0 1 0 0 1 0 0 1 0 0 1 0 0 1 0 0 1 0 0 1 0 0 1 0 0 1 0 0 1 0 0 0 -1 0 0 -1 0 0 -1 0 0 -1 0 0 1 0 0 1 0 0 1 0 0 1 1 0 0 1 0 0 1 0 0 1 0 0 1 0 0 1 0 0 1 0 0 1 0 0 0 0 -1 0 0 -1 0 0 -1 0 0 -1 -1 0 0 -1 0 0 -1 0 0 -1 0 0 0 0 1 0 0 1 0 0 1 0 0 1 0 -1 0 0 -1 0 0 -1 0 0 -1 0 0 1 0 0 1 0 0 1 0 0 1 0 1 0 0 1 0 0 1 0 0 1 0 0 0 0 -1 0 0 -1 0 0 -1 0 0 -1 -1 0 0 -1 0 0 -1 0 0 -1 0 0 0 0 1 0 0 1 0 0 1 0 0 1 0 -1 0 0 -1 0 0 -1 0 0 -1 0 0 1 0 0 1 0 0 1 0 0 1 0  
					<Tangents>: 720 0 -0.9599282 -0.2802461 0 -0.9599282 -0.2802461 0 -0.9599282 -0.2802461 0 0.9997584 -0.02197814 0 0.9998118 -0.01939828 0 0.9997651 -0.02167407 0 0.9999426 0.01071192 0 0.9998963 0.0144006 0 0.9998895 0.01486794 0 -0.9617048 0.2740874 0 -0.9617048 0.2740874 0 -0.9617048 0.2740874 0.9205426 0.3906422 0 0.9205426 0.3906422 0 0.9205426 0.3906422 0 0.6395814 -0.7687234 0 0.6343639 -0.7730346 0 0.6395814 -0.7687234 0 -0.9992566 0.03855244 0 -0.4310515 -0.9023274 0 -0.9999885 -0.004796151 0 -0.9948509 -0.1013493 0 -0.9958857 0.09061875 0 -0.9922808 -0.1240114 0 -0.9928926 0.1190138 0 -0.9912536 0.1319708 0 -0.8009415 -0.5987425 0 -0.9908265 0.1351402 0 -1 -3.977266E-05 0 -0.9912708 0.1318413 0 -0.9925179 0.1220994 0 -0.9939963 0.1094141 0 -0.9954181 0.09561826 0 -0.9967051 0.08111015 0 -0.997164 0.07526026 0 -0.997164 0.07526026 0 -0.9205428 -0.3906418 0 -0.9205428 -0.3906418 0 -0.9205428 -0.3906418 0 -0.6395791 0.7687253 0 -0.6343617 0.7730364 0 -0.6395791 0.7687253 0 0.4310503 0.9023279 0 0.9992566 -0.03855241 0 0.9999885 0.004799702 0 0.9948509 0.1013493 0 0.9922804 0.1240143 0 0.9958856 -0.09061894 0 0.9928926 -0.1190137 0 0.8009402 0.5987444 0 0.9912536 -0.1319708 0 0.9908265 -0.1351401 0 1 4.098024E-05 0 0.9912708 -0.1318416 0 0.9925179 -0.1220992 0 0.9939963 -0.1094142 0 0.9954181 -0.09561826 0 0.9967052 -0.0811101 0 0.997164 -0.07526016 0 0.997164 -0.07526016 0 0 1 0 0 1 0 0 1 0 0 1 0 1 0 0 1 0 0 1 0 0 1 0 0 0 1 0 0 1 0 0 1 0 0 1 0 1 0 0 1 0 0 1 0 0 1 0 0 1 0 0 1 0 0 1 0 0 1 0 0 1 0 0 1 0 0 1 0 0 1 0 0 0 1 0 0 1 0 0 1 0 0 1 0 1 0 0 1 0 0 1 0 0 1 0 0 0 1 0 0 1 0 0 1 0 0 1 0 1 0 0 1 0 0 1 0 0 1 0 0 1 0 0 1 0 0 1 0 0 1 0 0 1 0 0 1 0 0 1 0 0 1 0 0 -0.9940362 0.1090504 0 -0.9944426 0.1052803 0 -0.9951236 0.09863631 0 -0.9971774 0.07508194 0 -1 0 0 -1 0 0 -1 0 0 -1 0 0 -0.9999981 0 -0.001967701 -1 0 -2.162179E-05 -1 0 -2.60416E-05 -0.9999979 0 -0.002078515 -0.9999953 0 0.003072802 -1 0 2.580588E-05 -1 0 3.418936E-05 -0.9999947 0 0.003253676 0 0 -1 0 0 -1 0 0 -1 0 0 -1 -1 0 0 -1 0 0 -1 0 0 -1 0 0 0 0 1 0 0 1 0 0 1 0 0 1 1 0 0 1 0 0 1 0 0 1 0 0 1 0 0 1 0 0 1 0 0 1 0 0 -1 0 0 -1 0 0 -1 0 0 -1 0 0 -1 0 0 -1 0 0 -1 0 0 -1 0 0 0 0 -1 0 0 -1 0 0 -1 0 0 -1 1 0 0 1 0 0 1 0 0 1 0 0 0 0 1 0 0 1 0 0 1 0 0 1 0 0 -1 0 0 -1 0 0 -1 0 0 -1 0 0 -1 0 0 -1 0 0 -1 0 0 -1 1 0 0 1 0 0 1 0 0 1 0 0 0 0 1 0 0 1 0 0 1 0 0 1 1 0 0 1 0 0 1 0 0 1 0 0 0 0 1 0 0 1 0 0 1 0 0 1 -1 0 0 -1 0 0 -1 0 0 -1 0 0 0 0 -1 0 0 -1 0 0 -1 0 0 -1 0 0 -1 0 0 -1 0 0 -1 0 0 -1 0 0 1 0 0 1 0 0 1 0 0 1 -1 0 0 -1 0 0 -1 0 0 -1 0 0 0 0 -1 0 0 -1 0 0 -1 0 0 -1 0 0 -1 0 0 -1 0 0 -1 0 0 -1 -1 0 0 -1 0 0 -1 0 0 -1 0 0 0 0 1 0 0 1 0 0 1 0 0 1 1 0 0 1 0 0 1 0 0 1 0 0 1 0 0 1 0 0 1 0 0 1 0 0 -1 0 0 -1 0 0 -1 0 0 -1 0 0 -1 0 0 -1 0 0 -1 0 0 -1 0 0 0 0 -1 0 0 -1 0 0 -1 0 0 -1 1 0 0 1 0 0 1 0 0 1 0 0 0 0 1 0 0 1 0 0 1 0 0 1 0 0 -1 0 0 -1 0 0 -1 0 0 -1 0 0 -1 0 0 -1 0 0 -1 0 0 -1 1 0 0 1 0 0 1 0 0 1 0 0 0 0 1 0 0 1 0 0 1 0 0 1 1 0 0 1 0 0 1 0 0 1 0 0 0 0 1 0 0 1 0 0 1 0 0 1 -1 0 0 -1 0 0 -1 0 0 -1 0 0 0 0 -1 0 0 -1 0 0 -1 0 0 -1 0 0 -1 0 0 -1 0 0 -1 0 0 -1 0 0 1 0 0 1 0 0 1 0 0 1 -1 0 0 -1 0 0 -1 0 0 -1 0 0 0 0 -1 0 0 -1 0 0 -1 0 0 -1 0.8684024 0.4958601 -9.919425E-08 0.8684024 0.4958601 -1.135558E-06 0.8684024 0.4958601 -1.036364E-06 0.8684024 0.4958601 0 0.9205428 0.3906417 0 0.9205428 0.3906417 0 0.9205428 0.3906417 0 0.9205428 0.3906417 0 0.7822674 -0.6229427 0 0.7822674 -0.6229427 0 0.7822674 -0.6229427 0 0.7822674 -0.6229427 0 0.8317165 -0.5552005 0 0.8317165 -0.5552005 0 0.8317165 -0.5552005 0 0.8317165 -0.5552005 0 0.9985476 0.05387758 0 0.9985476 0.05387758 0 0.9985476 0.05387758 0 0.9985476 0.05387758 0 0.9597015 -0.2810214 0 0.9597015 -0.2810214 0 0.9597015 -0.2810214 0 0.9597015 -0.2810214 0 0.9597018 0.2810204 0 0.9597018 0.2810204 0 0.9597018 0.2810204 0 0.9597018 0.2810204 0 0.9985475 -0.05387841 0 0.9985475 -0.05387841 0 0.9985475 -0.05387841 0 0.9985475 -0.05387841 0 0.8317178 0.5551986 0 0.8317178 0.5551986 0 0.8317178 0.5551986 0 0.8317178 0.5551986 0 0.7822669 0.6229433 0 0.7822669 0.6229433 0 0.7822669 0.6229433 0 0.7822669 0.6229433 0 0 -1.073167E-08 -1 0 0 -1 0 -1.460675E-07 -1 0 -1.567992E-07 -1 0.8684018 -0.4958611 9.919422E-08 0.8684018 -0.4958611 1.135559E-06 0.8684018 -0.4958611 1.036365E-06 0.8684018 -0.4958611 0 0.9205427 -0.3906419 0 0.9205427 -0.3906419 0 0.9205427 -0.3906419 0 0.9205427 -0.3906419 0 0.6983504 -0.7157561 0 0.6983504 -0.7157561 0 0.6983504 -0.7157561 0 0.6983504 -0.7157561 0 0.9120598 -0.4100573 0 0.9120598 -0.4100573 0 0.9120598 -0.4100573 0 0.9120598 -0.4100573 0 0.9864712 0.1639344 0 0.9864712 0.1639344 0 0.9864712 0.1639344 0 0.9864712 0.1639344 0 0.9864712 -0.1639346 0 0.9864712 -0.1639346 0 0.9864712 -0.1639346 0 0.9864712 -0.1639346 0 0.9120601 0.4100567 0 0.9120601 0.4100567 0 0.9120601 0.4100567 0 0.9120601 0.4100567 0 0.6983517 0.7157548 0 0.6983517 0.7157548 0 0.6983517 0.7157548 0 0.6983517 0.7157548 0 -1 0 0 -1 0 0 -1 0 0 -1 0 0 0 1.073168E-08 1 0 0 1 0 1.460675E-07 1 0 1.567992E-07 1 1 -1.711792E-07 0 1 -1.711792E-07 0 1 -1.711792E-07 0 1 -1.711792E-07 0 -1 1.711792E-07 0 -1 1.711792E-07 0 -1 1.711792E-07 0 -1 1.711792E-07 0 0 0 -1 0 0 -1 0 0 -1 0 0 -1 -1 0 0 -1 0 0 -1 0 0 -1 0 0 0 0 1 0 0 1 0 0 1 0 0 1 1 0 0 1 0 0 1 0 0 1 0 0 0 0 -1 0 0 -1 0 0 -1 0 0 -1 0 0 -1 0 0 -1 0 0 -1 0 0 -1 0 0 -1 0 0 -1 0 0 -1 0 0 -1 -1 0 0 -1 0 0 -1 0 0 -1 0 0 0 0 1 0 0 1 0 0 1 0 0 1 1 0 0 1 0 0 1 0 0 1 0 0 0 0 -1 0 0 -1 0 0 -1 0 0 -1 0 0 -1 0 0 -1 0 0 -1 0 0 -1 0 1 0 0 1 0 0 1 0 0 1 0 1 0 0 1 0 0 1 0 0 1 0 0 0 1 0 0 1 0 0 1 0 0 1 0 -1 0 0 -1 0 0 -1 0 0 -1 0 0 1 0 0 1 0 0 1 0 0 1 0 0 1 0 0 1 0 0 1 0 0 1 0 0 0 1 0 0 1 0 0 1 0 0 1 0 1 0 0 1 0 0 1 0 0 1 0 0 0 1 0 0 1 0 0 1 0 0 1 0 -1 0 0 -1 0 0 -1 0 0 -1 0 0 1 0 0 1 0 0 1 0 0 1 0 0 1 0 0 1 0 0 1 0 0 1 0 0 0 1 0 0 1 0 0 1 0 0 1 0 1 0 0 1 0 0 1 0 0 1 0 0 0 1 0 0 1 0 0 1 0 0 1 0 -1 7.136421E-08 0 -1 0 0 -1 1.007314E-07 0 -1 1.720955E-07 0 1 0 0 1 0 0 1 0 0 1 0 0 1 0 0 1 0 0 1 0 0 1 0 0 0 0.1849168 -0.9827542 0 0 -1 0 0.4272859 -0.9041166 0 0.4950919 -0.8688406 -1 0 0 -1 0 0 -1 0 0 -1 0 0 0 -0.07870841 0.9968977 0 0 1 0 -0.2894934 0.95718 0 -0.495092 0.8688406 1 7.575325E-09 0 1 0 0 1 7.533428E-08 0 1 8.29096E-08 0 0 0 -1 0 0 -1 0 0 -1 0 0 -1 0 0.4950919 -0.8688406 0 0.4950919 -0.8688406 0 0.4950919 -0.8688406 0 0.4950919 -0.8688406 0 0.184917 -0.9827542 0 0 -1 0 0.427286 -0.9041165 0 0.4950919 -0.8688406 -1 0 0 -1 0 0 -1 0 0 -1 0 0 0 -0.07870851 0.9968977 0 0 1 0 -0.2894934 0.95718 0 -0.4950919 0.8688406 1 0 0 1 0 0 1 0 0 1 0 0 0 0 -1 0 0 -1 0 0 -1 0 0 -1 0 0.495092 -0.8688406 0 0.495092 -0.8688406 0 0.495092 -0.8688406 0 0.495092 -0.8688406 1.210855E-07 0 1 3.41587E-07 0 1 2.205015E-07 0 1 0 0 1 1 0 -2.332746E-07 1 0 -2.835268E-07 1 0 -1.920155E-07 1 0 -1.417633E-07 0 1 3.6442E-06 0 1 5.357717E-06 0 1 5.285327E-06 0 1 3.571811E-06 7.923823E-06 1 0 3.571811E-06 1 0 3.684564E-06 1 0 8.036575E-06 1 0 0 1 -1.140359E-06 0 1 3.571811E-06 0 1 3.372742E-06 0 1 -1.339429E-06 6.918116E-06 -1 0 -1.785906E-06 -1 0 -1.560401E-06 -1 0 7.143622E-06 -1 0 1.255969E-07 0 1 3.576278E-07 0 1 2.320309E-07 0 1 0 0 1 4.465881E-07 0 1 4.479975E-07 0 1 3.614097E-07 0 1 3.576279E-07 0 1 0 1 2.98136E-07 0 1 2.98136E-07 0 1 2.98136E-07 0 1 2.98136E-07 5.189061E-07 1 0 1.49068E-07 1 0 3.009679E-07 1 0 6.70806E-07 1 0 0 1 -2.103767E-08 0 1 1.49068E-07 0 1 2.10377E-08 0 1 -1.49068E-07 2.736041E-07 -1 0 -1.49068E-07 -1 0 2.453185E-08 -1 0 4.47204E-07 -1 0 0 2.045418E-09 1 0 0 1 0 5.395427E-08 1 0 5.599969E-08 1 -1 0 2.806593E-07 -1 0 2.807041E-07 -1 0 2.752496E-07 -1 0 2.750984E-07 1 0 -2.100182E-07 1 0 -2.10528E-07 1 0 -1.484405E-07 1 0 -1.467191E-07 -8.959649E-07 0 -1 -8.959949E-07 0 -1 -8.941502E-07 0 -1 -8.940696E-07 0 -1 5.106197E-07 0 1 5.172561E-07 0 1 4.504562E-07 0 1 4.479975E-07 0 1 -1 0 0 -1 0 0 -1 0 0 -1 0 0 1 0 0 1 0 0 1 0 0 1 0 0 0 -2.04542E-09 -1 0 0 -1 0 -5.395427E-08 -1 0 -5.599968E-08 -1 0 6.263348E-08 1 0 6.465702E-08 1 0 2.023545E-09 1 0 0 1 -1 0 2.720686E-07 -1 0 2.715075E-07 -1 0 2.805368E-07 -1 0 2.807041E-07 1 0 -1.585259E-07 1 0 -1.551471E-07 1 0 -2.095206E-07 1 0 -2.10528E-07 -9.627777E-07 0 -1 -9.69855E-07 0 -1 -8.98617E-07 0 -1 -8.959949E-07 0 -1 1 0 -2.569255E-07 1 0 -3.102943E-07 1 0 -2.085159E-07 1 0 -1.551471E-07 -1 0 0 -1 0 0 -1 0 0 -1 0 0 1 0 0 1 0 0 1 0 0 1 0 0 0 -6.263345E-08 -1 0 -6.465699E-08 -1 0 -2.023542E-09 -1 0 0 -1 0 0 -1 0 0 -1 0 0 -1 0 0 -1 -1 0 0 -1 0 0 -1 0 0 -1 0 0 0 0 1 0 0 1 0 0 1 0 0 1 1 0 0 1 0 0 1 0 0 1 0 0 0 0 -1 0 0 -1 0 0 -1 0 0 -1 0 0 -1 0 0 -1 0 0 -1 0 0 -1 0 0 -1 0 0 -1 0 0 -1 0 0 -1 -1 0 0 -1 0 0 -1 0 0 -1 0 0 0 0 1 0 0 1 0 0 1 0 0 1 1 0 0 1 0 0 1 0 0 1 0 0 0 0 -1 0 0 -1 0 0 -1 0 0 -1 0 0 -1 0 0 -1 0 0 -1 0 0 -1  
					<BiTangents>: 720 0 -0.2802461 0.9599282 0 -0.2802461 0.9599282 0 -0.2802461 0.9599282 0 -0.02197814 -0.9997584 0 0.01939828 0.9998118 0 -0.02167407 -0.9997651 0 -0.01071192 0.9999426 0 -0.0144006 0.9998963 0 -0.01486794 0.9998895 0 -0.2740874 -0.9617048 0 -0.2740874 -0.9617048 0 -0.2740874 -0.9617048 0.3906422 -0.9205426 0 0.3906422 -0.9205426 0 0.3906422 -0.9205426 0 -0.7687234 -0.6395814 0 -0.7730346 -0.6343639 0 -0.7687234 -0.6395814 0 0.03855244 0.9992566 0 -0.9023274 0.4310515 0 -0.004796151 0.9999885 0 -0.1013493 0.9948509 0 0.09061875 0.9958857 0 -0.1240114 0.9922808 0 0.1190138 0.9928926 0 0.1319708 0.9912536 0 -0.5987425 0.8009415 0 0.1351402 0.9908265 0 -3.977266E-05 1 0 0.1318413 0.9912708 0 0.1220994 0.9925179 0 0.1094141 0.9939963 0 0.09561826 0.9954181 0 0.08111015 0.9967051 0 0.07526026 0.997164 0 0.07526026 0.997164 0 0.3906418 -0.9205428 0 0.3906418 -0.9205428 0 0.3906418 -0.9205428 0 -0.7687253 -0.6395791 0 -0.7730364 -0.6343617 0 -0.7687253 -0.6395791 0 -0.9023279 0.4310503 0 0.03855241 0.9992566 0 -0.004799702 0.9999885 0 -0.1013493 0.9948509 0 -0.1240143 0.9922804 0 0.09061894 0.9958856 0 0.1190137 0.9928926 0 -0.5987444 0.8009402 0 0.1319708 0.9912536 0 0.1351401 0.9908265 0 -4.098024E-05 1 0 0.1318416 0.9912708 0 0.1220992 0.9925179 0 0.1094142 0.9939963 0 0.09561826 0.9954181 0 0.0811101 0.9967052 0 0.07526016 0.997164 0 0.07526016 0.997164 0 0 0 1 0 0 1 0 0 1 0 0 1 0 1 0 0 1 0 0 1 0 0 1 0 0 0 1 0 0 1 0 0 1 0 0 1 0 1 0 0 1 0 0 1 0 0 1 0 0 0 1 0 0 1 0 0 1 0 0 1 0 0 1 0 0 1 0 0 1 0 0 1 0 0 1 0 0 1 0 0 1 0 0 1 0 1 0 0 1 0 0 1 0 0 1 0 0 0 1 0 0 1 0 0 1 0 0 1 0 1 0 0 1 0 0 1 0 0 1 0 0 0 1 0 0 1 0 0 1 0 0 1 0 0 1 0 0 1 0 0 1 0 0 1 -0.1090504 -0.9940362 0 -0.1052803 -0.9944426 0 -0.09863631 -0.9951236 0 -0.07508194 -0.9971774 0 0 1 0 0 1 0 0 1 0 0 1 0 -0.001967701 0 0.9999981 -2.162179E-05 0 1 -2.60416E-05 0 1 -0.002078515 0 0.9999979 -0.003072802 0 -0.9999953 -2.580588E-05 0 -1 -3.418936E-05 0 -1 -0.003253676 0 -0.9999947 0 -1 0 0 -1 0 0 -1 0 0 -1 0 0 -1 0 0 -1 0 0 -1 0 0 -1 0 0 -1 0 0 -1 0 0 -1 0 0 -1 0 0 -1 0 0 -1 0 0 -1 0 0 -1 0 0 0 1 0 0 1 0 0 1 0 0 1 0 0 1 0 0 1 0 0 1 0 0 1 0 1 0 0 1 0 0 1 0 0 1 0 -1 0 0 -1 0 0 -1 0 0 -1 0 0 0 0 -1 0 0 -1 0 0 -1 0 0 -1 1 0 0 1 0 0 1 0 0 1 0 0 1 0 0 1 0 0 1 0 0 1 0 0 0 1 0 0 1 0 0 1 0 0 1 0 0 1 0 0 1 0 0 1 0 0 1 0 0 1 0 0 1 0 0 1 0 0 1 0 0 -1 0 0 -1 0 0 -1 0 0 -1 0 -1 0 0 -1 0 0 -1 0 0 -1 0 0 0 0 -1 0 0 -1 0 0 -1 0 0 -1 1 0 0 1 0 0 1 0 0 1 0 0 -1 0 0 -1 0 0 -1 0 0 -1 0 0 0 -1 0 0 -1 0 0 -1 0 0 -1 0 0 -1 0 0 -1 0 0 -1 0 0 -1 0 0 -1 0 0 -1 0 0 -1 0 0 -1 0 0 -1 0 0 -1 0 0 -1 0 0 -1 0 0 -1 0 0 -1 0 0 -1 0 0 -1 0 0 -1 0 0 -1 0 0 -1 0 0 -1 0 0 -1 0 0 -1 0 0 -1 0 0 -1 0 0 0 1 0 0 1 0 0 1 0 0 1 0 0 1 0 0 1 0 0 1 0 0 1 0 1 0 0 1 0 0 1 0 0 1 0 -1 0 0 -1 0 0 -1 0 0 -1 0 0 0 0 -1 0 0 -1 0 0 -1 0 0 -1 1 0 0 1 0 0 1 0 0 1 0 0 1 0 0 1 0 0 1 0 0 1 0 0 0 1 0 0 1 0 0 1 0 0 1 0 0 1 0 0 1 0 0 1 0 0 1 0 0 1 0 0 1 0 0 1 0 0 1 0 0 -1 0 0 -1 0 0 -1 0 0 -1 0 -1 0 0 -1 0 0 -1 0 0 -1 0 0 0 0 -1 0 0 -1 0 0 -1 0 0 -1 1 0 0 1 0 0 1 0 0 1 0 0 -1 0 0 -1 0 0 -1 0 0 -1 0 0 0 -1 0 0 -1 0 0 -1 0 0 -1 0 0 -1 0 0 -1 0 0 -1 0 0 -1 0 0 -1 0 0 -1 0 0 -1 0 0 -1 0 8.614052E-08 4.918647E-08 1 9.861213E-07 5.630779E-07 1 8.999809E-07 5.138916E-07 1 0 0 1 0 0 1 0 0 1 0 0 1 0 0 1 0 0 1 0 0 1 0 0 1 0 0 1 0 0 1 0 0 1 0 0 1 0 0 1 0 0 1 0 0 1 0 0 1 0 0 1 0 0 1 0 0 1 0 0 1 0 0 1 0 0 1 0 0 1 0 0 1 0 0 1 0 0 1 0 0 1 0 0 1 0 0 1 0 0 1 0 0 1 0 0 1 0 0 1 0 0 1 0 0 1 0 0 1 0 0 1 0 -1 1.073167E-08 0 -1 0 0 -1 1.460675E-07 0 -1 1.567992E-07 -8.614045E-08 4.918656E-08 1 -9.861217E-07 5.630797E-07 1 -8.99981E-07 5.13893E-07 1 0 0 1 0 0 1 0 0 1 0 0 1 0 0 1 0 0 1 0 0 1 0 0 1 0 0 1 0 0 1 0 0 1 0 0 1 0 0 1 0 0 1 0 0 1 0 0 1 0 0 1 0 0 1 0 0 1 0 0 1 0 0 1 0 0 1 0 0 1 0 0 1 0 0 1 0 0 1 0 0 1 0 0 1 0 0 1 0 0 1 0 0 1 0 0 1 0 0 1 0 -1 1.073168E-08 0 -1 0 0 -1 1.460675E-07 0 -1 1.567992E-07 -1.711792E-07 -1 0 -1.711792E-07 -1 0 -1.711792E-07 -1 0 -1.711792E-07 -1 0 -1.711792E-07 -1 0 -1.711792E-07 -1 0 -1.711792E-07 -1 0 -1.711792E-07 -1 0 0 -1 0 0 -1 0 0 -1 0 0 -1 0 0 -1 0 0 -1 0 0 -1 0 0 -1 0 0 -1 0 0 -1 0 0 -1 0 0 -1 0 0 -1 0 0 -1 0 0 -1 0 0 -1 0 -1 0 0 -1 0 0 -1 0 0 -1 0 0 1 0 0 1 0 0 1 0 0 1 0 0 0 -1 0 0 -1 0 0 -1 0 0 -1 0 0 -1 0 0 -1 0 0 -1 0 0 -1 0 0 -1 0 0 -1 0 0 -1 0 0 -1 0 0 -1 0 0 -1 0 0 -1 0 0 -1 0 -1 0 0 -1 0 0 -1 0 0 -1 0 0 1 0 0 1 0 0 1 0 0 1 0 0 0 0 1 0 0 1 0 0 1 0 0 1 0 1 0 0 1 0 0 1 0 0 1 0 0 0 1 0 0 1 0 0 1 0 0 1 0 1 0 0 1 0 0 1 0 0 1 0 0 0 1 0 0 1 0 0 1 0 0 1 0 0 1 0 0 1 0 0 1 0 0 1 0 0 1 0 0 1 0 0 1 0 0 1 0 1 0 0 1 0 0 1 0 0 1 0 0 0 1 0 0 1 0 0 1 0 0 1 0 1 0 0 1 0 0 1 0 0 1 0 0 0 1 0 0 1 0 0 1 0 0 1 0 0 1 0 0 1 0 0 1 0 0 1 0 0 1 0 0 1 0 0 1 0 0 1 0 1 0 0 1 0 0 1 0 0 1 0 0 0 1 0 0 1 0 0 1 0 0 1 7.136421E-08 1 0 0 1 0 1.007314E-07 1 0 1.720955E-07 1 0 0 0 1 0 0 1 0 0 1 0 0 1 0 0 1 0 0 1 0 0 1 0 0 1 0 -0.9827542 -0.1849168 0 -1 0 0 -0.9041166 -0.4272859 0 -0.8688406 -0.4950919 0 -1 0 0 -1 0 0 -1 0 0 -1 0 0 -0.9968977 -0.07870841 0 -1 0 0 -0.95718 -0.2894934 0 -0.8688406 -0.495092 7.575325E-09 -1 0 0 -1 0 7.533428E-08 -1 0 8.29096E-08 -1 0 -1 0 0 -1 0 0 -1 0 0 -1 0 0 1 0 0 1 0 0 1 0 0 1 0 0 0 -0.9827542 -0.184917 0 -1 0 0 -0.9041165 -0.427286 0 -0.8688406 -0.4950919 0 -1 0 0 -1 0 0 -1 0 0 -1 0 0 -0.9968977 -0.07870851 0 -1 0 0 -0.95718 -0.2894934 0 -0.8688406 -0.4950919 0 -1 0 0 -1 0 0 -1 0 0 -1 0 -1 0 0 -1 0 0 -1 0 0 -1 0 0 1 0 0 1 0 0 1 0 0 1 0 0 1 0 -1.210855E-07 1 0 -3.41587E-07 1 0 -2.205015E-07 1 0 0 2.332746E-07 0 1 2.835268E-07 0 1 1.920155E-07 0 1 1.417633E-07 0 1 0 -3.6442E-06 1 0 -5.357717E-06 1 0 -5.285327E-06 1 0 -3.571811E-06 1 1 -7.923823E-06 0 1 -3.571811E-06 0 1 -3.684564E-06 0 1 -8.036575E-06 0 0 -1.140359E-06 -1 0 3.571811E-06 -1 0 3.372742E-06 -1 0 -1.339429E-06 -1 1 6.918116E-06 0 1 -1.785906E-06 0 1 -1.560401E-06 0 1 7.143622E-06 0 1 0 -1.255969E-07 1 0 -3.576278E-07 1 0 -2.320309E-07 1 0 0 1 0 -4.465881E-07 1 0 -4.479975E-07 1 0 -3.614097E-07 1 0 -3.576279E-07 0 -2.98136E-07 1 0 -2.98136E-07 1 0 -2.98136E-07 1 0 -2.98136E-07 1 1 -5.189061E-07 0 1 -1.49068E-07 0 1 -3.009679E-07 0 1 -6.70806E-07 0 0 -2.103767E-08 -1 0 1.49068E-07 -1 0 2.10377E-08 -1 0 -1.49068E-07 -1 1 2.736041E-07 0 1 -1.49068E-07 0 1 2.453185E-08 0 1 4.47204E-07 0 0 1 -2.045418E-09 0 1 0 0 1 -5.395427E-08 0 1 -5.599969E-08 2.806593E-07 0 1 2.807041E-07 0 1 2.752496E-07 0 1 2.750984E-07 0 1 -2.100182E-07 0 -1 -2.10528E-07 0 -1 -1.484405E-07 0 -1 -1.467191E-07 0 -1 -1 0 8.959649E-07 -1 0 8.959949E-07 -1 0 8.941502E-07 -1 0 8.940696E-07 -1 0 5.106197E-07 -1 0 5.172561E-07 -1 0 4.504562E-07 -1 0 4.479975E-07 0 1 0 0 1 0 0 1 0 0 1 0 0 1 0 0 1 0 0 1 0 0 1 0 0 1 -2.04542E-09 0 1 0 0 1 -5.395427E-08 0 1 -5.599968E-08 0 -1 6.263348E-08 0 -1 6.465702E-08 0 -1 2.023545E-09 0 -1 0 -2.720686E-07 0 -1 -2.715075E-07 0 -1 -2.805368E-07 0 -1 -2.807041E-07 0 -1 1.585259E-07 0 1 1.551471E-07 0 1 2.095206E-07 0 1 2.10528E-07 0 1 1 0 -9.627777E-07 1 0 -9.69855E-07 1 0 -8.98617E-07 1 0 -8.959949E-07 2.569255E-07 0 1 3.102943E-07 0 1 2.085159E-07 0 1 1.551471E-07 0 1 0 -1 0 0 -1 0 0 -1 0 0 -1 0 0 -1 0 0 -1 0 0 -1 0 0 -1 0 0 -1 6.263345E-08 0 -1 6.465699E-08 0 -1 2.023542E-09 0 -1 0 0 -1 0 0 -1 0 0 -1 0 0 -1 0 0 -1 0 0 -1 0 0 -1 0 0 -1 0 0 -1 0 0 -1 0 0 -1 0 0 -1 0 0 -1 0 0 -1 0 0 -1 0 0 -1 0 -1 0 0 -1 0 0 -1 0 0 -1 0 0 1 0 0 1 0 0 1 0 0 1 0 0 0 -1 0 0 -1 0 0 -1 0 0 -1 0 0 -1 0 0 -1 0 0 -1 0 0 -1 0 0 -1 0 0 -1 0 0 -1 0 0 -1 0 0 -1 0 0 -1 0 0 -1 0 0 -1 0 -1 0 0 -1 0 0 -1 0 0 -1 0 0 1 0 0 1 0 0 1 0 0 1 0 0  
					<SubMeshes>: 1
						<SubMesh>: 0 1104 0 1 2 3 4 5 6 7 8 9 10 11 12 13 14 15 16 17 18 19 16 18 20 19 20 21 19 22 18 23 24 22 23 25 24 26 27 25 26 27 26 28 29 27 28 30 29 28 31 30 28 32 31 28 33 32 28 34 33 28 35 34 28 36 37 38 39 40 41 40 42 43 42 44 43 42 45 44 46 43 47 46 47 48 49 48 50 49 50 51 52 49 51 52 51 53 52 53 54 52 54 55 52 55 56 52 56 57 52 57 58 52 58 59 60 61 62 60 62 63 64 65 66 64 66 67 68 69 70 68 70 71 72 73 74 72 74 75 76 77 78 76 78 79 80 81 82 80 82 83 84 85 86 84 86 87 88 89 90 88 90 91 92 93 94 92 94 95 96 97 98 96 98 99 100 101 102 100 102 103 104 105 106 104 106 107 108 109 110 108 110 111 112 113 114 112 114 115 116 117 118 116 118 119 120 121 122 120 122 123 124 125 126 124 126 127 128 129 130 128 130 131 132 133 134 132 134 135 136 137 138 136 138 139 140 141 142 140 142 143 144 145 146 144 146 147 148 149 150 148 150 151 152 153 154 152 154 155 156 157 158 156 158 159 160 161 162 160 162 163 164 165 166 164 166 167 168 169 170 168 170 171 172 173 174 172 174 175 176 177 178 176 178 179 180 181 182 180 182 183 184 185 186 184 186 187 188 189 190 188 190 191 192 193 194 192 194 195 196 197 198 196 198 199 200 201 202 200 202 203 204 205 206 204 206 207 208 209 210 208 210 211 212 213 214 212 214 215 216 217 218 216 218 219 220 221 222 220 222 223 224 225 226 224 226 227 228 229 230 228 230 231 232 233 234 232 234 235 236 237 238 236 238 239 240 241 242 240 242 243 244 245 246 244 246 247 248 249 250 248 250 251 252 253 254 252 254 255 256 257 258 256 258 259 260 261 262 260 262 263 264 265 266 264 266 267 268 269 270 268 270 271 272 273 274 272 274 275 276 277 278 276 278 279 280 281 282 280 282 283 284 285 286 284 286 287 288 289 290 288 290 291 292 293 294 292 294 295 296 297 298 296 298 299 300 301 302 300 302 303 304 305 306 304 306 307 308 309 310 308 310 311 312 313 314 312 314 315 316 317 318 316 318 319 320 321 322 320 322 323 324 325 326 324 326 327 328 329 330 328 330 331 332 333 334 332 334 335 336 337 338 336 338 339 340 341 342 340 342 343 344 345 346 344 346 347 348 349 350 348 350 351 352 353 354 352 354 355 356 357 358 356 358 359 360 361 362 360 362 363 364 365 366 364 366 367 368 369 370 368 370 371 372 373 374 372 374 375 376 377 378 376 378 379 380 381 382 380 382 383 384 385 386 384 386 387 388 389 390 388 390 391 392 393 394 392 394 395 396 397 398 396 398 399 400 401 402 400 402 403 404 405 406 404 406 407 408 409 410 408 410 411 412 413 414 412 414 415 416 417 418 416 418 419 420 421 422 420 422 423 424 425 426 424 426 427 428 429 430 428 430 431 432 433 434 432 434 435 436 437 438 436 438 439 440 441 442 440 442 443 444 445 446 444 446 447 448 449 450 448 450 451 452 453 454 452 454 455 456 457 458 456 458 459 460 461 462 460 462 463 464 465 466 464 466 467 468 469 470 468 470 471 472 473 474 472 474 475 476 477 478 476 478 479 480 481 482 480 482 483 484 485 486 484 486 487 488 489 490 488 490 491 492 493 494 492 494 495 496 497 498 496 498 499 500 501 502 500 502 503 504 505 506 504 506 507 508 509 510 508 510 511 512 513 514 512 514 515 516 517 518 516 518 519 520 521 522 520 522 523 524 525 526 524 526 527 528 529 530 528 530 531 532 533 534 532 534 535 536 537 538 536 538 539 540 541 542 540 542 543 544 545 546 544 546 547 548 549 550 548 550 551 552 553 554 552 554 555 556 557 558 556 558 559 560 561 562 560 562 563 564 565 566 564 566 567 568 569 570 568 570 571 572 573 574 572 574 575 576 577 578 576 578 579 580 581 582 580 582 583 584 585 586 584 586 587 588 589 590 588 590 591 592 593 594 592 594 595 596 597 598 596 598 599 600 601 602 600 602 603 604 605 606 604 606 607 608 609 610 608 610 611 612 613 614 612 614 615 616 617 618 616 618 619 620 621 622 620 622 623 624 625 626 624 626 627 628 629 630 628 630 631 632 633 634 632 634 635 636 637 638 636 638 639 640 641 642 640 642 643 644 645 646 644 646 647 648 649 650 648 650 651 652 653 654 652 654 655 656 657 658 656 658 659 660 661 662 660 662 663 664 665 666 664 666 667 668 669 670 668 670 671 672 673 674 672 674 675 676 677 678 676 678 679 680 681 682 680 682 683 684 685 686 684 686 687 688 689 690 688 690 691 692 693 694 692 694 695 696 697 698 696 698 699 700 701 702 700 702 703 704 705 706 704 706 707 708 709 710 708 710 711 712 713 714 712 714 715 716 717 718 716 718 719  
				</Mesh>
				<Materials>: 1
					<Material>: 0
						<AlbedoColor>: 1 1 1 1
						<EmissiveColor>: 0 0 0 1
						<Glossiness>: 0
						<Metallic>: 0
						<SpecularHighlight>: 1
						<GlossyReflection>: 1
						<AlbedoMap>: Building_Music_Store
						<MetallicMap>: null
						<NormalMap>: null
						<EmissionMap>: null
						<DetailAlbedoMap>: null
						<DetailNormalMap>: null
				</Materials>
				<Children>: 0
			</Frame>
	</Frame>
</Hierarchy>
